1,16,16,64
0.0,0.017737687,0.0,0.0,0.0,0.0,0.0,0.0,0.0,0.0,0.0,0.14505795,0.092884034,0.021764636,0.0,0.0
0.0,0.0,0.0,0.0,0.0,0.0,0.0,0.0,0.0,0.0,0.0,0.0,0.0,0.0,0.0,0.0
0.0,0.0,0.0,0.0,0.0,0.0,0.0,0.0,0.23863277,0.0,0.0,0.0,0.0,0.0,0.0,0.0
0.0,0.0,0.0,0.0,0.0,0.0,0.0,0.0,0.0,0.0,0.0,0.0,0.0,0.0,0.0,0.19677028
0.0,0.0,0.0,0.0,0.0,0.0,0.0,0.0,0.13750404,0.0,0.0,0.0,0.0,0.0,0.0,0.50466204
0.0,0.0,0.0,0.0,0.0,0.0,0.0,0.0,0.45655066,0.0,0.0,0.0,0.0,0.0,0.0,0.0
0.0,0.0,0.0,0.3545515,0.0,0.0,0.0,0.0,0.22873288,0.0,0.46536314,0.0,0.0,0.0,0.0,0.0
0.0,0.0,0.0,0.0,0.5105602,0.0,0.79135776,0.0,0.0,0.0,0.25399375,0.08022487,0.0,0.0,0.0,0.0
0.0,0.37027264,0.0,0.0,0.0,0.41546935,0.0,0.0,0.0,0.1868271,0.0,0.0,0.0,0.0,0.0,0.0
0.0,0.7622725,0.0,0.0,0.0,0.0,0.0,0.0,0.0,0.0,0.0,0.0,0.0,0.0,0.0,0.0
0.0,0.16770244,0.2656139,0.0,0.0,0.12016484,0.0,0.59762186,0.028545022,0.0,0.0,0.0,0.0,0.0,0.0,0.0
0.0,0.9407635,0.11128369,0.0,0.0,0.0,0.0,0.0,0.043741226,0.0,0.0,0.0,0.0,0.0,0.0,0.0
0.0,1.3118463,0.0,0.0,0.31004357,0.0,0.0,0.0,0.0,0.0,0.0,0.0,0.0,0.0,0.0,0.0
0.0,0.0,0.0,2.000424,0.0,0.0,0.0,0.0,0.0,0.0,0.0,0.0,0.0,0.0,0.0,0.0
0.0,0.0,0.0,1.6536058,0.88880897,0.6440174,0.046970487,0.0,0.0,0.0,0.0,0.0,0.0,0.0,0.0,0.0
0.0,0.66660815,0.0,0.0,0.0,0.05424863,0.0,0.0,0.0,0.0,0.0,0.0,0.0,0.19254747,0.0,0.0
0.0,0.17792502,0.01192373,0.10380289,0.0,0.0,0.13531643,0.0,0.04462856,0.0,0.0,0.0,0.0,0.0,0.0,0.33756077
0.47629362,0.0,0.0,0.21762095,0.0,0.0,0.080956966,0.08204031,0.0,0.0,0.9289212,0.33773738,0.08616108,0.0,0.0,0.0
0.0,0.0,0.0,0.13168016,0.0,0.0,0.0,0.0,0.0,0.7753612,0.3136189,0.22917128,0.6028955,0.0,0.0,0.0
0.0,0.0,0.30263537,0.0,0.0,0.0,0.43783596,0.29654688,0.548132,0.0,0.0,0.24422355,0.0,0.0,0.0,0.0
0.0,0.6712288,0.0,0.0,0.0,0.50773036,0.0,0.0,0.0,0.0,0.30563176,0.0,0.0,0.56685793,0.0,0.0
0.0,0.0,0.0,0.0,0.0,0.0,0.0,0.0,0.0,0.0,0.0,0.0,0.07472035,0.017398953,0.15335342,0.29512084
0.0,0.0,0.0,0.0,0.0,0.0,0.51870644,0.0,0.0,0.176022,0.0,0.0,0.0,0.109823465,0.4509909,0.0
0.0,0.0,0.0,0.0,0.0,0.571588,0.0,0.0,0.0,0.08076313,0.0,0.26763755,0.0,0.0,0.0,0.2729376
0.0,0.0,0.0,0.0,0.0,0.0,0.0,0.0,0.35745078,0.0,0.0,0.0,0.0,0.0,0.48780575,0.0
0.0,0.0,0.0,0.0,0.0,0.0,0.0,0.8169466,0.0,0.0,0.0,0.0,0.47624665,0.53113353,0.0,0.0
0.013536483,0.0,0.0,0.0,0.0,0.0,0.88581467,0.5644483,0.0,0.0,0.0,1.4583626,1.3933208,0.0,0.0,0.121662974
0.0,0.0,0.0,1.5754758,0.0,0.0,0.88211036,0.0,0.0,0.188431,1.32282,0.49383417,0.2215304,0.1658305,0.0,0.24134135
0.0,0.0,0.0,0.57693887,0.0,1.0100391,0.9038429,0.19563407,0.35086298,0.33651203,0.19963193,0.35906282,0.5127892,0.0,0.0,0.015051812
0.778613,0.0,0.0,0.0,0.0,1.2417095,0.0,0.20431003,0.29300916,0.45572188,0.48694932,0.13209778,0.0,0.07720411,0.45355427,0.0
0.45256558,1.029834,0.0,0.0,0.5627946,0.28412408,0.34244144,0.20069215,0.26617345,0.46395314,0.40820217,0.0,0.10900575,1.7240653,0.0,0.0
0.1732159,0.7227491,0.3204537,0.0,0.41708797,0.0,0.15738577,0.12366173,0.063667744,0.19729665,0.0,0.1554935,0.685224,0.0,0.0,0.21733195
0.0,0.0,0.0,0.0,0.0,0.0,0.0,0.0,0.0,0.0,0.0,0.0,0.0,0.0,0.0,0.0
0.0,0.0,0.0,0.0,0.0,0.0,0.0,0.0,0.0,0.0,0.0,0.0,0.0,0.0,0.0,0.0
0.0,0.0,0.0,0.0,0.0,0.0,0.0,0.10354471,0.036210895,0.0,0.0,0.0,0.0,0.097402304,0.2130464,0.0
0.0,0.0,0.08727878,0.0,0.0,0.0,0.0,0.0,0.0,0.0,0.0,0.04935357,0.0,0.1449211,0.695995,0.0
0.0,0.0,1.1993592,0.0,0.0,0.05140212,0.0,0.0,0.0,0.0,0.0,0.0,0.0,0.036899924,0.86809564,0.45383587
0.0,0.0,0.72495735,0.0,0.0,0.0,0.0,0.0,0.19878605,0.0,0.8798511,0.0,0.0,0.041480273,0.5515071,0.6928505
0.0,0.0,0.59049046,0.0,0.0,0.0,0.0,0.0,0.2907857,0.0,0.93580306,0.0,0.0,0.0,0.16208324,0.04173267
0.0,0.41511682,0.4524199,0.14387181,0.0,0.0,0.78160465,0.0,0.0,0.0,0.5744039,0.053954184,0.0,0.0,0.10462323,0.0
0.0,0.22339103,0.0,0.0,0.0,0.0,0.0,0.0,0.0,0.0,0.0,0.33527955,0.0,0.15854815,0.15273461,0.0
0.0,0.3704556,0.0,0.0,0.021837294,0.3567634,0.6129515,0.0,0.0,0.082211554,0.0,0.10003573,0.0,0.25289747,0.2651733,0.0
0.0,0.4652305,0.006051421,0.0,0.0,0.0,0.0,0.31671408,0.014325023,0.012014091,0.0,0.0,0.0,0.114690006,0.25763378,0.20243475
0.0,0.05854854,0.0,0.0,0.0,0.0,0.0,0.0,0.083987,0.0,0.0,0.037756473,0.0,0.03829217,0.11114064,0.6212019
0.0,0.3873702,0.0,0.0,0.0,0.0,0.19062206,0.34366927,0.20234564,0.0,0.0,0.0,0.0,0.0,0.0,0.4116697
0.0,0.3785183,0.0,1.0098044,0.31573328,0.0,0.0,0.07039532,0.008125305,0.08532968,0.0,0.0,0.0,0.0,0.1633805,0.8856232
0.0,0.5719707,0.0,1.0591079,0.31579062,0.16223049,0.14264363,0.07153055,0.0,0.0,0.14959037,0.09695923,0.0,0.0,0.14089844,0.7796707
0.0,1.125581,0.40911385,0.358865,0.0,0.0,0.22003826,0.17852846,0.010965198,0.11440191,0.502236,0.23702464,0.19156519,0.63622475,0.38174883,0.7716621
0.39439029,0.6553075,0.38501555,0.36289316,0.13828093,0.2964516,0.18373278,0.11739558,0.38513818,0.7306135,0.87121964,0.85565037,0.8270842,0.5793129,0.057640135,0.10293436
0.0,0.0,0.0,0.0,0.0,0.18441775,0.0,0.0,0.0,0.11474693,0.71820134,0.13049117,0.0,0.0,0.0,0.0
0.0,0.27635676,0.5472386,0.2845118,0.0,0.0,0.0,0.0,0.58269894,0.6179943,0.06545389,0.0,0.0,0.0,0.0,0.0
0.0,0.0,0.0,0.0,0.0,0.0,0.0,0.0,0.0,0.0,0.0,0.0,0.0,0.0,0.0,0.0
0.0,0.0,0.0,0.0,0.98550564,0.37515497,0.0,0.0,0.0,0.0,0.0,0.0,0.0,0.0,0.0,0.0
0.0,0.0,0.0,0.0,0.0,0.0,0.0,0.0,0.0,0.0,0.0,0.0,0.0,0.0,0.0,0.0
0.0,0.0,0.0,0.0,0.0,0.0,0.0,0.0,0.0,0.20149684,0.0,0.0,0.0,0.049925745,0.0,0.0
0.0,0.0,0.0,0.0,0.8043755,0.30124784,0.0,0.0,0.0,0.94322443,0.0,0.0,0.0,0.047490746,0.0,0.0
0.14084211,0.0,0.0,0.0,0.0,0.0,0.0,0.0,0.0,0.16552329,0.0,0.0,0.0,0.0,0.0,0.0
0.06716165,0.0,0.0,0.0,0.0,0.0,0.0,0.0,0.0,0.0,0.0,0.0,0.20391366,0.0,0.0,0.0
0.18449247,0.0,0.0,0.0,0.0,0.0,0.33377215,0.16329065,0.0,0.0,0.0,0.008779347,0.3402351,0.0,0.21362984,0.0
0.2884779,0.0,0.0,0.0,0.0,0.0,0.0,0.0,0.0,0.0,0.0,0.0,0.0,0.0,0.0,0.0
0.08992061,0.0,0.0,0.0,0.0,0.0,0.0,0.0,0.0,0.0,0.16426459,0.49994463,0.22340506,0.053563535,0.56252116,0.0
0.0,0.0,0.0,0.0,0.0,0.0,0.0,0.106319994,0.17878237,0.24138267,0.23275432,0.03824559,0.0,0.122781396,0.0,0.0
0.26502365,0.0,0.0,0.0,0.0,0.0,0.2562971,0.27237922,0.4061701,0.48435915,0.36009654,0.0,0.0,0.037932277,0.0,0.0
0.36751235,0.0,0.0,0.0,0.0,0.0,0.0,0.0,0.0,0.06540254,0.0,0.0,0.0,0.0,0.0,0.0
0.0,0.0,0.0,0.0,0.0,0.0,0.0,0.0,0.0,0.0,0.0,0.0,0.0,0.0,0.0,0.0
0.0,0.0,0.0,0.0,0.0,0.0,0.0,0.0,0.0,0.0,0.0,0.0,0.0,0.0,0.0,0.0
0.0,0.0,0.0,0.0,0.0,0.0,0.0,0.0,0.33281064,0.0,0.0,0.0,0.0,0.0,0.0,0.0
0.37003398,0.2568764,0.0,0.0,0.0,0.0,0.0,0.0,0.0,0.0,0.0,0.0,0.0,0.0,0.0,0.0
0.43295133,0.0,0.0,1.1918534,0.017462552,0.0,0.0,0.0,0.0,0.61356163,0.0,0.0,0.0,0.0,0.0,0.0
0.16320652,0.0,0.0,0.75103927,0.0,0.0,0.0,0.0,0.32988346,0.20236373,0.0,0.0,0.0,0.0,0.0,0.0
0.39177102,0.0,0.0,0.0,0.0,0.3997625,0.0,0.0,0.02089423,0.0,0.0,0.0,0.0,0.0,0.0,0.0
0.026253939,0.0,0.090563715,0.0,0.0,0.0,0.0,0.0,0.0,0.0,0.0,0.0,0.0,0.0,0.0,0.0
0.0,0.0,0.5704229,0.41572893,0.0,0.0,0.0,0.2719249,0.0,0.0,0.0,0.0,0.0,0.0,0.0,0.0
0.0,0.0,0.0,0.10563463,0.0,0.60014856,0.71907604,0.0,0.0,0.0,0.0,0.0,0.0,0.0,0.0,0.0
0.1292513,0.0,1.0147926,1.2928835,0.4535308,0.62024176,0.15600371,0.0,0.0,0.6281556,0.17590171,0.108427465,0.0,0.0,0.0,0.0
0.04313916,0.6253321,1.4519109,0.0,0.0,0.33525038,0.0,0.14997554,0.19586128,0.08579373,0.12086129,0.0,0.0042936206,0.512262,0.81521857,0.1306774
0.06487185,1.5291187,1.131106,0.0,0.59875345,0.018662035,0.0,0.0,0.0,0.0,0.0,0.0,0.11027998,0.3938409,0.8268248,0.2995051
0.0,0.7111796,1.022562,0.0,0.0,0.0,0.0,0.0,0.0,0.0,0.0,0.0,0.4654739,0.71674824,0.056649983,0.0
0.0,0.0,0.4272939,1.1441921,0.13758904,0.0,0.0,0.087417245,0.20167679,0.20491433,0.22860521,0.7779379,1.0030721,0.43376946,0.47705472,0.25317395
0.0,0.0,0.0,0.0,0.0,0.0,0.0,0.0,0.0,0.0,0.0,0.041810393,0.0,0.0,0.0,0.0
0.65390843,0.28178656,0.4855457,0.44963887,0.8373221,1.4439511,1.1361752,1.1278574,1.2089487,1.4571649,1.1813072,0.95138913,0.7650362,0.7437682,0.8560583,0.36513603
0.0,0.0,0.0,0.0,0.0,0.0,0.0,0.070713274,0.0,0.0,0.0,0.0,0.0,0.0,0.0,0.0
1.0153604,0.38564366,0.0,0.09516084,0.42379,0.0,0.0,0.0,0.0,0.0,0.0,0.0,0.0,0.0,0.23713392,0.0
0.96771437,0.0,0.0,1.1725695,1.6255704,0.104380295,0.0,0.0,0.0,0.0,0.0,0.0,0.0,0.0,0.23351675,0.0
0.0,0.0,0.0,0.0,0.0,0.0,0.0,0.0,0.0,0.51231456,0.0,0.0,0.0,0.0,0.0164807,0.0
0.0,0.0,0.0,0.0,0.0,0.0,0.0,0.0,0.15169564,0.24219379,0.0,0.0,0.0,0.0,0.0,0.0
0.0,0.0,0.0,0.0,0.0,0.0,0.0,0.0,0.0,0.0,0.0,0.0,0.0,0.0,0.0,0.0
0.0,0.0,0.0,0.0,0.0,0.0,0.0,0.0,0.0,0.0,0.0,0.0,0.0,0.0,0.0,0.0
0.0,0.0,0.0,0.0,0.0,0.0,0.0,0.0,0.0,0.0,0.0,0.0,0.15886255,0.0,0.0,0.0
0.034215443,0.0,0.0,0.0,0.0,0.14096192,0.0,0.0,0.0,0.0,0.0,0.0,0.4008439,0.1693105,0.5865444,0.0
0.021730714,0.0,0.048920557,0.0,0.0,0.0,0.0,0.0,0.0,0.0,0.0,0.0,0.0,0.0,0.0,0.0
0.0,0.0,0.0,0.0,0.0,0.0,0.0,0.0,0.0,0.0,0.0,0.0,0.0,0.0,0.0,0.0
0.0,0.0,0.0,0.0,0.0,0.0,0.0,0.0,0.0,0.0,0.0,0.0,0.02568864,0.026578844,0.09001449,0.0
0.0,0.0,0.0,0.0,0.0,0.0,0.0,0.11090484,0.2545319,0.15850468,0.068256445,0.110950455,0.18009129,0.022640765,0.0,0.0
0.25092062,0.0,0.0,0.0,0.0,0.0,0.0,0.0,0.0,0.0,0.0,0.0,0.0,0.0,0.0,0.0
0.0,0.0,0.0,0.0,0.0,0.0,0.0,0.0,0.0,0.0,0.0,0.0,0.0,0.0,0.0,0.0
0.0,0.0,0.0,0.0,0.0,0.18071052,0.0,0.0,0.0,0.0,0.0,0.0,0.0,0.0,0.18223812,0.49664506
0.0,0.0,0.3443077,0.14606604,0.0,0.0,0.0,0.0,0.0,0.7013577,0.3516939,0.0,0.0,0.0,0.0,0.0
0.0,0.0,0.0,0.0,0.42808923,0.0,0.0,0.0,0.53791004,0.4084866,0.0,0.0,0.0,0.0,0.0,0.0
0.0,0.35752425,0.0,0.0,0.5903846,0.42602518,0.3351149,0.4015086,0.0,0.0,0.0,0.0,0.021001339,0.24560009,0.0,0.0
0.0,0.900983,0.0,0.0,0.0,0.0,0.0,0.0,0.0,0.47722328,0.12440246,0.0,0.12944755,0.46448565,0.0,0.0
0.0,0.0,0.0,0.44737944,0.0,0.0,0.07303351,0.0,0.15356134,1.596088,0.0,0.0,0.0,0.0,0.50854045,0.0
0.0,0.0,0.0,0.9268594,0.0,0.14421827,0.0,0.0,0.7115229,0.0,0.0,0.033612788,0.0,0.0,0.0,0.0
0.031989545,0.0,0.0,0.12454632,0.0,0.0,0.0,0.0,0.885915,0.0,0.0,0.0,0.0,0.0,0.0,0.3852523
0.0,0.0,0.0,0.0,0.0,0.0,0.0,1.5445552,0.0,0.0,0.0,0.0,0.0,0.0,0.2379995,0.0
0.0053831935,0.0,0.0,0.0,0.0,0.0,0.11694494,0.4356271,0.0,0.0,0.0,0.0,0.0,0.0,0.0,0.0
0.0,0.0,0.0,1.007039,0.0,0.0,0.0,0.0,0.0,0.0,0.51847917,0.86725867,0.0,0.0,0.10889089,0.0
0.0,0.0,0.0,1.0202231,0.0,0.023286253,0.14122008,0.0,0.19382878,0.84961474,0.2512845,0.0,0.0,0.0,0.0,0.0
0.19281545,0.0,0.0,0.0,0.0,1.9395349,0.103378534,0.0,0.045722842,0.0,0.0,0.0,0.0,0.0,0.08774319,0.0
0.0,0.39023903,0.0,0.0,0.0,0.0,0.0,0.0,0.1417719,0.26989612,0.0,0.0,0.0,0.75783014,0.0,0.0
0.0,0.0,0.0,0.0,0.0,0.0,0.0,0.0,0.0,0.0,0.0,0.0,0.0,0.0,0.0,0.0
0.0,0.0,0.54128134,0.5472412,0.0,0.118053645,0.25144124,0.34762028,0.378705,0.3814244,0.36429998,0.92079,0.5333359,0.0,0.55696833,0.6728313
0.0,0.0,0.0,0.0,0.0,0.0,0.0,0.0,0.0,0.0,0.0,0.0,0.0,0.0,0.0,0.0
0.0,0.0,0.0,0.0,0.0,0.0,0.0,0.0,0.0,0.0,0.0,0.0,0.0,0.0,0.0,0.121922694
0.0,0.0,0.0,0.0,0.0,0.0,0.0,0.0,0.0,0.0,0.35086304,0.20804673,0.12629147,0.0,0.0,0.2127401
0.0,0.0,0.0,0.0,0.0,0.0,0.0,0.7618704,0.003537126,0.0,0.0,0.0,0.0,0.0,0.0,0.0
0.0,0.0,0.0,0.0,0.0,0.0,1.3944436,0.9852479,0.0,0.0,0.0,0.0,0.08378169,0.0,0.0,0.0
0.0,0.0,0.0,0.0,0.0,0.0,0.0,0.0,0.0,0.0,0.18736401,0.5744855,0.19077712,0.0,0.0,0.0
0.0,0.0,0.0,0.0,0.0,0.0,0.0,0.36750498,0.0,0.0,0.8904568,0.4809515,0.0,0.0,0.0,0.3793051
0.0,0.0,0.0,0.0,0.0,0.0,0.039441437,0.5160453,0.0,0.0,0.0,0.0,0.010254413,0.34723228,0.10660273,0.0
0.0,0.0,0.0,0.0,0.0,0.0,0.0,0.0,0.0,0.0,0.0,0.0,0.0,0.0,0.0,0.236584
0.0,0.0,0.0,0.0,0.0,0.0,0.0,0.0,0.0,0.0,0.0,0.0,0.0,0.0,0.0,0.0
0.0,0.0,0.0,0.0,0.0,0.0,0.0,0.0,0.0,0.0,0.0,0.0,0.0,0.0,0.0,1.016957
0.0,0.0,0.0,0.0,0.0,0.0,0.0,0.0,0.0,0.0,0.0,0.0,0.0,0.0,0.0,0.94421065
0.0,0.0,0.0,0.0,1.3672984,1.2200549,0.10824029,0.2691066,0.049172614,0.0,0.0,0.0,0.0,0.0,0.0,0.45685726
0.0,0.0,0.0,0.0,1.5245756,1.0631685,0.0,0.0,0.0,0.0,0.0,0.0,0.0,0.0,0.0,0.49838316
0.020341448,0.0,0.0,0.0,0.4750725,0.012875937,0.0,0.0,0.0,0.0,0.0,0.0,0.0,0.4080915,0.97693086,0.5594275
0.5142353,0.0,0.0,0.0,0.0,0.0,0.0,0.0,0.0,0.0,0.0,0.0,0.0,0.0,0.0,0.0
0.0,0.0,0.0,0.0,0.0,0.0,0.0,0.0,0.0,0.0,0.0,0.0,0.0,0.0,0.0,0.0
0.0,0.0,0.0,0.0,0.0,0.0,0.0,0.0,0.0,0.0,0.0,0.0,0.0,0.0,0.0,0.0
0.0,0.0,0.0,0.0,0.0,0.01607493,0.0,0.0,0.0,0.0,0.0,0.0,0.0,0.0,0.0,0.0
0.0,0.0,0.0,0.0,0.0,0.0,0.0,0.0,0.0,0.0,0.0,0.0,0.0,0.0,0.0,0.0
0.0,0.0,0.0,0.0,0.0,0.0,0.0,0.0,0.0,0.0,0.0,0.0,0.0,0.0,0.0,0.0
0.63016,0.0,0.0,0.0,0.5227182,0.0,0.0,0.0,0.0,0.0,0.0,0.0,0.0,0.0,0.0,0.0
0.0,0.0,0.0,0.0,0.0,0.0,0.0,0.0,0.0,1.2293028,0.0,0.0,0.04317517,0.0,0.0,0.0
0.29817677,0.0,0.0,0.0,0.0,0.0,0.0,0.0,0.0,0.21451801,0.0,0.0,0.0,0.0,0.0,0.0
0.6957768,0.0,0.0,0.0,0.0,0.0,0.0,0.0,0.0,0.0,0.0,0.0,0.0,0.0,0.0,0.0
0.0,0.0,0.0,0.0,0.0,0.0,0.0,0.0,0.0,0.0,0.0,0.0,0.0,0.0,0.0,0.0
0.0,0.0,0.0,0.0,0.0,0.0,0.0,0.33096102,0.0,0.0,0.0,0.0,0.0,0.0,0.0,0.0
0.0,0.0,0.0,0.0,0.0,0.0,0.5259203,0.9257854,0.8217453,0.3286696,0.0,0.0,0.0,0.0,0.0,0.0
0.0,0.0,0.0,0.0,0.0,0.0,0.0,0.0,0.0,0.0,0.0,0.0,0.0,0.0,0.0,0.0
0.0,0.0,0.0,0.0,0.0,0.0,0.0,0.0,0.0,0.0,0.0,0.0,0.0,0.0,0.0,0.0
0.0,0.0,0.6942275,1.4089564,0.34123734,0.39660338,0.0,0.0,0.0,0.0,0.0,0.0,0.0,0.0,0.0,0.0
0.5522195,0.0,0.303117,0.14402528,0.0,0.0068640187,0.0,0.0,0.0,0.0,0.0,0.0,0.0,0.0,0.17896563,0.0
0.0,0.0,0.0,0.0,0.0,0.0,0.0,0.0,0.0,0.0,0.0,0.0,0.0,0.0,0.0,0.0
0.0,0.0,0.0,0.0,0.0,0.0,0.0,0.0,0.0,0.0,0.0,0.0,0.0,0.0,0.0,0.0
0.0,0.0,0.0,0.0,0.043463886,0.0,0.0,0.0,0.0,0.0,0.0,0.0,0.0,0.0,0.0,0.0
0.12674859,0.0,0.0,0.0,0.0,0.0,0.0,0.44795448,0.11482093,0.0,0.0,0.0,0.025984734,0.0,0.0,0.0
0.036156267,0.0,0.0,0.0,0.0,0.0,0.0,0.0,0.0,0.0,0.0,0.0,0.0,0.52272815,0.0,0.0
0.0,0.0,0.96715826,0.0,0.0,0.0,0.0,0.0,0.0,0.0,0.0,0.0,0.0,0.52263147,1.4523847,0.0
0.0,0.0,0.0,0.20398107,0.0,0.0,0.0,0.0,0.5065489,0.0,0.0,0.07772556,0.0,0.047500342,0.8991552,0.07639095
0.07165855,0.0,0.0,0.0,0.0,0.0,0.0,0.0,0.0,0.0,0.0,0.0,0.0,0.0,0.0,0.0
0.16823822,0.65296805,0.47706467,0.32109606,0.0,0.0,0.0,0.0,0.0,0.0,0.0,0.0,0.0,0.0,0.0,0.0
0.0,0.0,1.411036,0.0,0.0,0.0,0.0,0.0,0.0,0.0,0.0,0.0,0.0,0.0,0.0,0.0
0.0,0.0,0.19519717,0.0,0.26813334,0.0,0.0,0.0,0.65220594,0.40825492,0.0,0.36907768,0.06989393,0.0,0.30419266,0.0
0.0,0.0,0.0,0.0,0.5073369,0.0,0.0,0.0,0.5768828,1.3202846,0.8355879,0.4289438,0.2792775,0.5401139,0.86280113,0.0
0.1432544,0.0,0.0,0.0,0.0,0.0,0.31223643,0.04859218,0.38641012,0.47136122,0.1285477,0.009763777,0.07445902,0.0,0.0,0.0
0.6651495,0.0,0.0,0.0,0.0,0.0,0.14901438,0.01897721,0.0,0.077145815,0.04729697,0.17683381,0.009326145,0.0,0.0,0.0
0.0,0.0,0.633118,0.0,0.0,0.0,0.0,0.0,0.0,0.0,0.0,0.0,0.0,0.023799539,0.0,0.0
0.41640472,0.0,0.62831277,0.4650098,0.18997389,0.1849212,0.0,0.0,0.0,0.0,0.0,0.0,0.0,0.0,0.44709867,0.3189218
0.0,0.0,0.0,0.0,0.0,0.0,0.0,0.0,0.0,0.0,0.0,0.0,0.0,0.0,0.24334908,0.0
0.0,0.0,0.22256608,0.2298284,0.0,0.01929465,0.0,0.69064987,0.0,0.0,0.0,0.0,0.0,0.0,0.6266892,0.0
0.0,0.0,0.0,0.1354234,0.0,0.0,0.0,0.0,0.0,0.0,0.0,0.47905058,0.0,0.0,0.7522737,0.0
0.0,0.0,0.0,0.61800927,0.13161616,0.0,0.097192734,0.0,0.0,0.26335356,0.0,0.14864014,0.10810207,0.0,0.53991765,0.0
0.0,0.12932082,0.0,0.34099835,0.0,0.0,0.10872798,0.0,0.0,0.13873039,0.0,0.0,0.7062782,0.0,0.0,0.0
0.0,0.6595588,0.0,0.0,0.0,0.0,0.7002453,0.0,0.0,0.9543443,0.0,0.0,0.62514424,0.2617848,0.0,0.0
0.0,0.24687696,0.0,0.0,0.0,0.0,0.0,0.0,0.0,1.4360693,0.0,0.029029459,0.0,0.31693316,0.14172764,0.0
0.0,0.0,0.0,0.7010347,0.0,0.7857099,0.0,0.79762685,0.0,0.3747632,0.0,0.0,0.24330947,0.24893135,0.45682067,0.0
0.0,0.5436933,0.0,1.101284,0.0,0.0,0.0,0.19523951,0.0,0.0,0.0,0.0,0.15192308,0.0,0.4144201,0.0
0.0,0.10561377,0.0,0.9102752,0.0017805994,0.0,0.3644618,0.0,0.0,0.21331778,0.0,0.0,0.0,0.0,0.37231895,0.0
0.0,0.0,0.0,0.8204815,0.0,0.0,0.0,0.0,0.0,0.0,0.0,0.0,0.0,0.0,0.0,0.0
0.0,0.0,0.0,1.2233661,0.0,0.0,0.0,0.0,0.0,0.0,0.0,0.0,0.0,0.0,0.0783834,0.0
0.0,0.0,0.0,0.0,0.0,0.0,0.0,0.0026267767,0.0,0.0,0.0,0.0,0.0,0.0,0.0,0.0
0.0,0.0,0.0,0.0,0.0,0.093261555,0.0,0.0,0.0,0.0,0.0,0.0,0.0,0.0,0.0,0.0
0.0,0.0,0.0,0.0,0.0,0.0,0.0,0.0,0.0,0.0,0.0,0.0,0.0,0.0,0.0,0.0
0.0,0.0,0.0,0.0,0.3747451,0.0,0.0,0.0,0.0,0.0,0.0,0.0,0.0,0.0,0.0,0.0
0.0,0.0,0.0,0.0,0.0,0.0,0.0,0.0,0.0,0.0,0.0,0.0,0.0,0.0,0.0,0.0
0.0,0.0,0.0,0.0,0.0,0.37661523,0.19376081,0.0,0.14936852,0.018344522,0.0,0.0,0.0,0.0,0.0,0.0
0.0,0.0,0.0,0.0,0.0,0.0,0.0,0.0,0.0,0.0,0.0,0.0,0.0,0.0,0.0,0.0
0.0,0.0,0.0,0.006292701,0.36441642,0.5791555,0.0,0.0,0.0,0.0,0.0,0.0,0.0,0.0,0.0,0.0
0.27692717,0.0,0.0,0.4686759,1.7048473,1.0363526,0.0,0.0,0.0,0.0,0.0,0.0,0.0,0.0,0.0,0.0
0.37412983,0.0,0.3358398,0.0,0.9585603,0.72715384,0.38843602,0.0,0.0,0.114097774,0.0,0.0,0.0,0.0,0.0,0.0
0.2492891,0.0,0.3451075,0.09978086,0.18552029,0.69160885,0.40783113,0.10811347,0.0,0.0,0.0,0.0,0.0,0.0,0.0,0.0
0.46049708,0.0,0.0,0.0,0.32251614,1.0339794,0.0,0.0,0.15217584,0.0,0.46348876,0.0,0.0,0.0,0.0,0.0
0.056743264,0.024092734,0.0,0.0,0.0,0.0,0.0,0.0,0.27583414,0.0,0.0,0.0,0.0,0.0,0.0,0.0
0.017914116,0.0,0.0,0.12023014,0.015393496,0.0,0.0,0.006150067,0.0,0.28871912,0.0,0.0,0.0,0.0,0.0,0.0
0.0,0.0,0.49070495,0.67951435,0.99047965,0.024856448,0.0,0.0,0.0,0.0,0.0,0.0,0.0,0.0,0.0,0.0
0.0,0.0,1.181737,0.6290011,0.48498482,0.0,0.0,0.0,0.0,0.0,0.0,0.0,0.0,0.0,0.0,0.0
0.0,0.0,0.6268322,0.074094534,0.0,0.0,0.0,0.0,0.0,0.0,0.0,0.0,0.0,0.0,0.0,0.0
0.0,0.0,0.0,0.0,0.0,0.0,0.0,0.0,0.0,0.0,0.0,0.0,0.0,0.0,0.0,0.0
0.0,0.0,0.0,0.0,0.0,0.0,0.0,0.0,0.0,0.0,0.0,0.0,0.0,0.0,0.0,0.0
0.0,0.0,0.0,0.0,0.0,0.0,0.0,0.0,0.0,0.0,0.0,0.0,0.0,0.0,0.0,0.0
0.0,0.0,0.0,0.0,0.0,0.0,0.0,0.0,0.0,0.10332328,0.0,0.0,0.0,0.0,0.0,0.0
0.0,0.0,0.0,0.0,0.0,0.0,0.0,0.0,0.0,0.0,0.0,0.0,0.0,0.0,0.0,0.0
1.3862209,0.0,0.0,0.0,0.0,0.15466589,0.0,0.0,0.0,0.14219746,0.17314678,0.0,0.22969896,0.0,0.2667212,0.0
0.0,0.0,0.56290853,0.59925365,0.0,0.0,0.0,0.0,0.0,0.0,0.0,0.0,0.0,0.0,0.6243752,0.0
0.0,0.0,0.6000756,0.43826142,0.0065235645,0.0,0.0,0.0,0.0,0.0,0.25871545,0.0,0.0,0.0,0.38841876,0.0
0.0,0.0,0.0,0.0,0.0,0.0,0.0,0.0,0.0,0.0,0.7241334,0.0,0.0,0.0,0.0,0.0
0.0,0.0,0.0,0.0,0.0,0.0,0.0,0.0,0.0,0.0,0.0,0.0,0.0,0.0,0.13270274,0.0
0.0,0.0,0.0,0.0,0.0,0.0,0.0,0.0,0.0,0.99356735,0.0,0.0,0.0,0.0,0.0,0.0
0.0,0.0,0.0,0.0,0.0,0.0,0.0,0.0,0.0,0.20553768,0.0,0.053223014,0.0,0.0,0.1626907,0.0
0.0,0.0,0.0,0.0,0.0,0.0,0.0,0.0,0.0,0.0,0.0,0.0,0.0,0.0,0.36876997,0.0
0.0,0.0,0.0,0.0,0.0,0.0,0.0,0.0,0.0,0.0,0.0,0.0,0.0,0.0,0.0,0.0
0.1578331,0.0,0.0,0.0,0.0,0.0,0.0,0.0,0.0,0.0,0.0,0.0,0.0,0.0,0.0,0.0
0.0,0.0,0.0,0.7387935,0.0,0.0,0.0,0.0,0.0,0.0,0.0,0.0,0.0,0.0,0.0,0.0
0.0,0.0,0.0,0.0,0.0,0.0,0.0,0.0,0.0,0.0,0.0,0.0,0.0,0.0,0.14647636,0.0
0.0034234077,0.0,0.0,0.0,0.0,0.0,0.20604184,0.0,0.0101881325,0.24575981,0.12501779,0.0,0.0,0.5415909,0.0,0.0
0.0,0.0,0.0,0.0,0.0,0.0,0.0,0.0,0.0,0.0,0.0,0.0,0.0,0.0,0.0,0.0
0.48359877,0.0,0.04669231,0.0,0.0,0.0,0.046049327,0.0,0.0,0.0,0.0,0.0,0.0,0.0,0.0,0.0
0.0,0.0,0.0,0.0,0.0,0.0,0.0,0.0,0.0,0.0,0.32896075,0.08586036,0.0,0.0,0.0,0.0
0.0,0.0,0.0,0.0,0.0,0.0,0.0,1.2218527,1.630068,0.99988186,0.18559591,0.17657293,0.0,0.0,0.0,0.0
0.3028071,1.023773,0.0,0.0,0.0,0.0,0.0,0.0,0.15980552,0.0,0.0,0.022432625,0.17391987,0.12277746,0.0,0.0
0.022237688,0.0,0.0,0.0,0.0,0.0,0.0,0.6000339,0.5742289,0.0,0.0,0.0,0.22153921,0.0916546,0.0,0.0
0.0,0.0,0.0,0.0,0.0,0.0,0.0,0.0,0.25929645,0.0,0.0,0.0,0.11718945,0.0,0.0,0.0
0.0073945224,0.0,0.0,0.0,0.0,0.0,0.0,0.0,0.0,0.034009755,0.0,0.25565866,0.31998366,0.4902541,0.0,0.0
0.0,0.0,0.0,0.0,0.0,0.0,0.0,0.0,0.0,0.0,0.0,0.0,0.017274022,0.33056626,0.0,0.0
0.0,0.0,0.0,0.0,0.0,0.5172511,0.0,0.372627,0.59293705,0.0,0.0,0.0,0.7994946,0.64185745,0.0,0.0
0.0,0.0,0.0,0.0,0.0,0.0,0.0,0.0,0.0,0.0,0.0,0.0,0.0,0.0,0.0,0.0
0.0,0.0,0.0,0.0,0.0,0.0,0.0,0.0,0.0,0.0,0.5367701,0.32065028,0.0,0.0,0.0,0.5277248
0.0,0.0,0.0,0.0,0.0,0.0,1.4621898,1.186082,0.83712566,0.14415306,0.41939822,0.38187525,0.50771075,0.63097686,0.39452633,0.0
0.0,1.0115782,0.0,0.0,0.0,0.7721633,0.2260327,0.0,0.0,0.114369005,0.4180799,0.3622943,0.0,0.0,0.0,0.0
0.0,0.41558492,0.0,0.0,0.0,0.01930803,0.0,0.20158945,0.13388552,0.15322204,0.30422354,0.23260078,0.11819193,0.39425212,0.0,0.0
0.34421724,1.1985266,0.039387852,0.0,0.37548637,0.45677102,0.016470224,0.0,0.1816118,0.29195762,0.5444145,0.67290807,0.3029813,0.011321366,0.12499136,0.0
1.4789978,1.9183705,0.6763557,0.0,0.78933626,0.74337596,0.94472086,1.0598166,1.0495757,0.90188944,1.0053217,0.9993861,0.6702423,0.91723514,1.2559695,0.0
0.2820255,0.11059967,0.41355073,0.46844953,0.4867717,0.47794312,0.0,0.58108366,0.3019216,0.2814418,0.0,0.0,0.0,0.35015568,0.46240246,0.65659034
0.7791711,0.763767,0.9209659,0.7876953,0.15440476,0.0,0.018437564,0.20402645,0.45315427,0.5402473,0.64287186,1.6652144,1.2311437,0.77377844,0.64916086,0.6740359
0.07082453,0.0,0.0,0.07368782,0.0,0.11802927,0.0,0.60085416,0.57365465,0.0,0.0,0.0,0.0,0.0,0.0,0.28302407
0.9090934,0.0,0.0,0.0031177998,0.0,0.0,0.0,0.0,0.0,0.0,0.0,0.0,0.0,0.0,0.0,0.19763918
0.0,0.0,0.0,0.0,0.0,0.0,0.1666187,0.0,0.0,0.0,0.0,0.030991346,0.40839615,0.0,0.0,0.1639927
0.0,0.0,0.0,0.0,0.0,0.0,0.0,0.0,0.0,0.0,0.0,0.0,0.0,0.0,0.0,1.1091967
0.0,0.0,0.0,0.0,0.0,0.0,0.0,0.0,0.0,0.0,0.0,0.0,0.16674203,0.0,0.0,0.0
0.0,0.0,0.0,0.0,0.0,0.0,0.0,0.0,0.0,0.0,0.0,0.0,0.0,0.0,0.0,0.0
0.081751496,0.0,0.0,0.0,0.0,0.0,0.0,0.0,0.0,0.6509904,0.13554597,0.0,0.0,0.0,0.0,0.2816926
0.0,0.0,0.0,0.0,0.0,0.0,0.0,0.0,0.0,0.0,0.0,0.0,0.0,0.0,0.0,0.110752255
0.0,0.0,0.0,0.0,0.0,0.0,0.0,0.0,0.0,1.1286428,0.75238943,0.1466538,0.76414967,1.0953282,1.2255945,1.0343642
0.0,0.0,0.0,0.0,0.0,0.0,0.18011054,1.7319603,0.43705475,0.0,0.0,0.0,0.0,0.0,0.0,0.0
0.38783088,0.0,0.0,0.0,0.0,0.0,0.0,0.0,0.0,0.0,0.0,0.0,0.0,0.0,0.0,0.0
0.0,0.0,0.0,0.0,0.0,0.0,0.0,0.0,0.0,0.0,0.0,0.0,0.0,0.0,0.0,0.0
0.0,0.0,0.0,0.36030918,0.0,0.0,0.0,0.0,0.0,0.0,0.0,0.0,0.0,0.0,0.0,0.0
0.7590623,0.015754908,0.0,0.5255539,0.07146299,0.16876233,1.0084984,0.87238884,0.46786088,0.3125542,0.557966,0.4832116,0.45490846,0.64392585,0.48979357,0.25406826
0.26024544,0.28652,0.12605622,0.14303857,0.0,0.0,0.0,0.14560252,0.0614478,0.0,0.0,0.0,0.0,0.16356221,0.5987831,0.0
0.34107143,0.3724869,0.13091302,0.18247586,0.0,0.0,0.0,0.0,0.0,0.0,0.0,0.0,0.0,0.0,0.9413007,0.11157024
0.0,0.0,0.0,0.0,0.0,0.0,0.0,0.0,0.0,0.0,0.294752,0.0,0.0,0.0,0.6868469,0.48580787
0.0,0.0,0.0,0.0,0.0,0.0,0.0,0.0,0.0,0.0,0.7666353,0.0,0.0,0.0,0.0,0.51232135
0.0,0.0,0.0,0.0,0.0,0.0,0.0,0.0,0.0,0.0,0.423512,0.0,0.0,0.0,0.0,0.2789036
0.0,0.0,0.0,0.0,0.0,0.0,0.0,0.0,0.0,0.0,1.0320874,0.0,0.0,0.0,0.0,0.0
0.0,0.0,0.0,0.0,0.0,0.0,0.0,0.0,0.0,0.0,0.33001238,0.0,0.0,0.028337747,0.0,0.0
0.0,0.0,0.0,0.0,0.0,0.0,0.0,0.0,0.0,0.0,0.0,0.0,0.0,0.0,0.28149498,0.0
0.0,0.0,0.0,0.0,0.0,0.0,0.0,0.0,0.0,0.0,0.0,0.0,0.0,0.0,0.6292192,0.0032570958
0.57275,0.0,0.0,0.0,0.0,0.0,0.0,0.0,0.0,0.0,0.0,0.0,0.0,0.0,0.55871964,0.0
0.5817077,0.10432872,0.0,0.0,0.0,0.0,0.0,0.0,0.0,0.0,0.0,0.0,0.0,0.0,0.0,0.0
0.25199473,0.0,0.0,0.0,0.0,0.0,0.0,0.0,0.0,0.0,0.0,0.0,0.0,0.0,0.0,0.0
0.076797456,0.0,0.0,0.0,0.0,0.0,0.0,0.0,0.0,0.0,0.0,0.0,0.0,0.0,0.0,0.0
0.0,0.0,0.0,0.87504387,0.0,0.0,0.0,0.0,0.0,0.0,0.0,0.0,0.0,0.0,0.0,0.0
0.0,0.0,0.0,0.0,0.0,0.0,0.0,0.0,0.0,0.0,0.0,0.0,0.0,0.0,0.0,0.0
0.76588905,0.0,0.0,0.35337162,0.0,0.0,0.0,0.0,0.0,0.0,0.0,0.0,0.0,0.2249363,0.0,0.0
0.0,0.0,0.0,0.0,0.0,0.0,0.426508,0.0,0.0,0.0,0.0,0.19068918,0.0,0.0,0.0,0.38054705
0.0,0.0,0.0,0.0,0.0,0.0,0.0,0.0,0.0,0.0,0.0,0.0,0.0,0.0,0.0,0.0
0.0,0.012931526,0.0,0.074947804,0.0,0.0,0.0,0.259306,0.09950817,0.0,0.0,0.0,0.0,0.8625798,0.0,0.0
0.0,0.0,0.64125323,0.0,0.0,1.3200128,0.0,0.27244046,0.0,0.0,0.0,0.46031338,0.0,0.0,0.42998704,0.0
0.0,0.0,0.05055687,0.0,0.0,0.84955084,0.0,0.0,0.0,0.0,0.0,0.7362094,0.0,0.0,0.9211923,0.0
0.0,0.0,0.0,0.0,0.0,0.0,0.0,0.25640002,0.0,0.0,0.0,0.0,0.4672581,0.0,0.0,0.70234996
0.0,0.0,0.0,0.0,2.2701178,0.0,0.0,0.0,0.0,0.0,0.0,0.0,0.64800215,0.0,0.0,0.4445848
0.0,0.0,0.94629955,0.0,0.79351515,0.0,0.8365221,0.0,0.0,1.1244026,0.0,0.0,0.033553958,0.15732494,0.0,0.0
0.0,0.0,0.0,0.0,0.0,0.25828126,0.0,0.0,0.0,0.0,0.0,0.0,0.0,0.0,0.0,0.0
0.0,0.0,0.0,0.0,0.0,1.8250746,0.0,0.0,0.42316514,0.0,0.0,0.0,0.0,0.0,0.0,0.0
0.0,0.20807421,0.0,0.0,0.0,0.0,0.0,0.0,0.0,0.0,0.0,0.0,0.0,0.0,0.0,0.25324017
0.8329164,0.1894894,0.0,0.0,0.0,0.0,0.0,0.0,0.0,0.0,0.0,0.0,0.0,0.12914431,0.0,0.17611024
0.21455872,1.2440597,0.0,0.0,0.0,0.0,0.74624777,0.67545784,0.0,0.0,0.0,0.0,0.0,0.0,0.0,0.0
0.0,0.28177276,0.0,0.0,0.0,0.0,0.12002224,0.12431118,0.0,0.0,0.069612,0.11776656,0.0,0.0,0.0,0.0
0.0,0.0,0.10435566,0.0,0.0,0.2854434,0.0,0.0,0.0,0.0,0.0,0.067741185,0.0,0.0,0.0,0.15141636
0.0,0.0,0.0,0.35022143,0.0,0.046420902,0.0,0.0,0.0,0.0,0.0,0.0,0.0,0.0,0.0,0.0
0.0,0.0,0.0,0.0,0.0,0.0,0.0,0.0,0.0,0.0,0.0,0.0,0.0,0.0,0.0,0.0
0.0,0.0,0.0,0.0,0.0,0.7082346,0.0,0.0,0.0,0.022650912,0.3783502,0.0,0.0,0.0,0.0,0.0
0.0,0.81356406,0.0,0.0,0.0,0.0,0.0,0.0,0.0,0.8645704,0.17907274,0.44693476,0.4518693,0.048358142,0.0,0.0
0.0,2.5323553,0.0,0.0,0.0,0.0,0.0,0.02733691,0.0,0.44338858,0.0,0.0,0.2554831,0.20044976,0.0,0.0
0.07363492,0.8912655,0.0,0.0,0.478204,0.0,0.0,0.304043,0.0,1.5812893,0.0,0.0,0.0,0.10554412,0.0,0.0
1.1261947,0.03265485,0.0,0.0,1.1836045,0.0,0.0,0.0,0.0,2.1345892,0.0,0.0,0.0,0.049248368,0.0,0.0
1.423469,0.0,0.0,0.0,0.0,0.017267615,0.0,0.0,0.0,0.69372535,0.0,0.0,0.0,0.0,0.0,0.0
0.0066883415,0.0,0.0,0.0,0.0,0.0,0.0,0.0,0.0,0.0,0.0,0.0,0.0,0.0,0.0,0.0
0.0,0.0,0.0,0.0,0.0,0.0,0.0,0.0,0.5952235,0.0,0.50451267,0.0,0.37637937,0.0,0.0,0.0
0.9049735,0.0,0.0,0.0,0.0,0.0,0.0,0.2510773,0.0,0.0,0.0,0.0,0.0,0.0,0.0,0.0
1.524038,0.0,0.0,0.5532524,0.0,0.0,0.0,0.0,0.0,0.0,0.0,0.0,0.0,0.0,0.0,0.32657003
0.71135104,0.0,0.0,0.0,0.0,0.12570119,0.0,0.0,0.0,0.0,0.0,0.0,0.0,0.0,0.0,0.48992544
1.2339451,0.0,0.0,0.0,0.0,0.88674736,0.0,0.0,0.0,0.0,0.0,0.0,0.0,0.0,0.2021358,0.1929647
1.4148755,0.0,0.0,0.0,0.34680825,0.0,0.0,0.0,0.0,0.0,0.021120578,0.0,0.0,0.099678606,0.19087183,0.56404227
1.8156525,1.0517251,0.0,0.0,0.0,0.0,0.22993842,0.0,0.09318301,0.5979339,0.54490364,0.113444746,0.34577173,0.69243383,1.0579809,0.8324139
0.5311006,0.03232783,0.0,0.0,0.0,0.0,0.0,0.0,0.0,0.0,0.0,0.0,0.0,0.0,0.0,0.0
0.09189102,0.0,0.0,0.0,0.0,0.0,0.0,0.0,0.0,0.0,0.0,0.0,0.0,0.0,0.03487867,0.0
0.15709358,0.0,0.0,0.0,0.0,0.0,0.0,0.0,0.16069789,0.07292265,0.0,0.0,0.0,0.0,0.0,0.0
0.5052093,0.0,0.0,0.0,0.0,0.67686963,0.0,0.0,0.0,0.0,0.0,0.0,0.14735954,0.21845335,0.056657255,0.0
0.32460466,0.0,0.0,0.48994207,0.4314788,0.060329378,0.0,0.0,0.0,0.5759282,0.0,0.0,0.044801474,0.09350625,0.297715,0.0
0.0,0.0,0.0,0.07677862,0.0,0.0,0.0,0.0,0.10266101,1.3021829,0.0,0.0,0.0,0.0,0.37622026,0.0
0.35163423,0.0,0.0,0.0,0.0,0.0,0.0,0.0,0.0,0.08577487,0.0,0.0,0.071961075,0.0,0.3696998,0.0
0.6951149,0.0,0.0,0.0,0.41593924,0.0,0.0,0.0,0.0,0.7398716,0.0,0.0,0.22917955,0.0,0.13946508,0.5085959
0.27561122,0.0,0.0,0.0,0.0,0.0,0.0,0.0137195885,0.28629556,0.5317475,0.0,0.0,0.3982651,0.31871346,0.72729635,0.0
0.2919439,0.0,0.0,0.0,0.0,0.0,0.5908263,0.23113176,0.0,0.0,0.0,0.0,1.1174178,0.0,0.0,0.0
0.83440316,0.0,0.0,1.3179501,0.0,0.087171584,0.0,0.0,0.0,0.0,0.6543884,0.54500115,0.0,0.0,0.13657175,0.0
0.9613892,0.0,0.46762228,1.120191,0.0,0.0,0.0,0.0,0.0,0.6686338,0.37767133,0.0,0.0,0.0,0.0,0.0
1.1353165,0.0,0.0,0.0,0.0,0.505764,0.20328844,0.29969326,0.0,0.21733323,0.0,0.0,0.016492635,0.0,0.118027925,0.0
0.6561672,0.0,0.0,0.0,0.0,0.0,0.0,0.15472108,0.0730772,0.0,0.0,0.0,0.0,0.43703273,0.0,0.0
0.34803852,0.0,0.0,0.0,0.0,0.0,0.0,0.0,0.0,0.0,0.0,0.0,0.6465689,0.0,0.0,0.0
0.0,0.0,0.0,0.0,0.0,0.0,0.0,0.0,0.0,0.0,0.0,0.0,0.0,0.0,0.0,0.0
0.17576694,0.0,0.0,0.9955914,0.21470037,0.19066931,0.0,0.0,0.0,0.0,0.0,0.0,0.0,0.0,0.0,0.56941146
0.0,0.0,0.0,0.0,0.0,0.0,0.0,0.0,0.0,0.0,0.0,0.0,0.0,0.0,0.0,0.0
0.0,0.0,0.0,0.0,0.0,0.0,0.0,0.0,0.0,0.0,0.0,0.0,0.0,0.0,0.0,0.0
0.0,0.0,0.0,0.0,0.0,0.0,0.0,0.0,0.3369548,0.7614418,0.83369744,0.40852004,0.20818955,0.0,0.0,0.0
0.011211693,0.0,0.0,0.0,0.0,0.0,0.0,0.3290042,0.49403358,0.40697244,0.33878312,0.0,0.07707011,0.0,0.0,0.0
0.19082367,0.0,0.0,0.0,0.0,0.0,0.25344762,0.078624755,1.3289124,0.23628554,0.0,0.0,0.0,0.0,0.0,0.0
0.03432916,0.466433,0.0,0.0,0.0,0.98895574,0.22694264,0.0,0.54739994,0.35630313,0.605549,0.0510823,0.44181937,0.059384495,0.0,0.0
0.0,0.0,0.0,0.0,0.0,0.0,0.0,0.3444895,0.046132468,0.120713264,0.49068782,0.25091937,0.54617655,0.32843798,0.0,0.0
0.0,0.0,0.0,0.0,0.0,0.0,0.0,0.0,0.0,0.0,0.0,0.43217108,0.74364924,0.46143562,0.0,0.0
0.0,0.0,0.14485946,0.0,0.0,0.32019702,0.4282307,0.17439486,0.0,0.0,0.0,0.77635324,0.18830433,0.0,0.0,0.0
0.0,0.0,0.53377384,0.0,0.0,0.0,0.0,0.0,0.0,0.0,0.0,0.0,0.0,0.0,0.0,0.0
0.0,0.0,0.6963895,0.15757716,0.0,0.0,0.0,0.0,0.0,0.0,0.0,0.0,0.0,0.0,0.0,0.0
0.012790963,0.5198065,0.42793113,0.0,0.16760384,0.46264276,1.1073308,0.5627537,0.46890128,0.63587797,0.38066477,0.46392068,0.3781497,0.38684976,0.5349514,0.24633452
0.40055048,0.58169085,0.18427566,0.1568587,0.4763368,1.5884821,1.5956274,0.62021804,0.16640683,0.053769894,0.42126107,0.5338616,0.5871079,0.8306633,0.7349445,0.31831256
0.36760172,0.0,0.0,0.71964735,0.56901336,0.74151427,0.5729353,0.31603825,0.27853793,0.24244703,0.3952827,0.7726426,0.7452606,0.64976716,0.7922415,0.4696048
0.32998404,0.0,0.0,0.0,0.9693295,0.95389944,0.45127916,0.48766953,0.48531854,0.36190265,0.47838253,0.8022687,0.57818556,0.5095034,0.27478898,0.0
0.0,0.0,0.0,0.0,0.0,0.0,0.0,0.0,0.0,0.24394843,0.25370175,0.0,0.0,0.3565474,0.0,0.0
0.03862448,0.021074682,0.0,0.0,0.0,0.0,0.0,0.0,0.0,0.0,0.0,0.0,0.0,0.23751634,0.7165979,0.0
0.3913193,0.13777092,0.84491587,0.44143802,0.16416614,0.0,0.5339483,0.087584674,0.3918066,0.5058255,0.8132783,0.70000845,0.3439241,0.0070329607,0.8901622,0.75390613
0.0,0.0,0.0,0.58705,0.57740504,1.2361966,0.0,0.9706424,0.0,0.0,0.23681149,0.0,0.15464449,0.29198605,0.0,0.79909843
0.5791068,0.0,0.0,0.0,0.41219956,0.3866701,0.0,0.0,0.0,0.46701193,0.063010156,0.92512316,0.0,0.21732661,0.37118018,0.015760183
0.0,0.0,0.22612195,0.0,0.0,1.1616409,0.19803974,0.29925838,0.64694786,0.0,0.21785092,0.07648261,0.19212648,0.04300034,0.85715157,0.069922954
0.120210126,0.0,0.64275396,1.9434867,0.0,0.0,0.81262314,1.5681205,0.2468712,0.56517935,0.0,0.06366111,0.37957776,0.18895108,0.44449985,1.2696562
0.021125138,0.0,0.0060056746,0.593073,1.0652639,0.0,1.2327919,0.095713735,1.1483867,0.5983523,0.0,0.8389045,0.4457302,0.089797646,0.0,0.038278818
0.0,0.123536676,0.4498176,0.45394552,1.045966,0.2467023,0.015660763,0.1463988,0.8766196,0.56554973,0.0,1.1032375,0.023272872,0.0,0.0,0.1909196
0.0,0.91124815,0.0,0.97780097,1.0654142,1.4223537,0.0,0.5483091,0.6094162,0.4931075,1.0271106,0.0,0.37159908,0.0,0.24853614,0.0019685328
0.19019537,0.8543126,0.020728946,0.29137486,0.0,0.0,0.0,0.4682184,0.4708112,0.0,0.1708051,0.0,0.0,0.17737208,0.0,0.17918336
0.4539885,0.13759753,1.0760417,0.18386632,0.0,0.0,0.29035148,0.0,0.0,1.3667643,0.0,0.027351186,0.0,0.0,0.0,0.0
0.5226504,0.0,0.3199845,1.8390806,0.0,0.0,0.07649149,0.0,0.0,0.0,0.0,0.0,0.0,0.0,0.0,0.0
0.0,0.0,0.0,0.76629055,0.0,0.0,0.0,0.0,0.0,0.0,0.0,0.0,0.0,0.0,0.0,0.0
0.0,0.0,0.0,0.0,0.0,0.0,0.0,0.0,0.0,0.0,0.0,0.0,0.0,0.0,0.0,0.0
0.0,0.0,0.0,0.0,0.0,0.0,0.0,0.0,0.0,0.0,0.0,0.0,0.0,0.0,0.0,0.0
0.19532454,0.0,0.0,0.0,0.0,0.0,0.0,0.0,0.0,0.0,0.0,0.0,0.0,0.0,0.0,0.0
0.8093089,0.62743044,0.19466645,0.21468648,0.24024864,0.0,0.64100003,0.7990773,0.3882075,0.20376351,0.36395964,0.8236267,0.8600185,0.73967123,1.0100183,0.0
0.0,0.0,0.0,0.0,0.0,0.0,0.0,0.16475472,0.0,0.0,0.0,0.0,0.0,0.26150173,0.546912,0.0
0.17702791,0.6780633,1.0555933,0.5247063,0.0,0.0,0.0,0.0,0.0,0.0,0.0,0.0,0.0,0.28969026,1.6994512,0.0
0.0,0.0,0.95145583,1.2980772,0.0,0.50047785,0.0,0.0,0.0,0.0,0.0,0.0,0.0,0.0,1.2633808,0.23682109
0.0,0.0,0.0,0.7622115,0.0,0.0,0.0,0.0,0.0,0.0,0.15004483,0.0,0.07394239,0.0,0.0,0.7619307
0.0,0.0,0.0,0.0,0.0,0.0,0.0,0.0,0.0,0.0,0.0,0.0,0.0,0.0,0.0,0.0046099722
0.0,0.0,0.0,0.0,0.0,0.0,0.0,0.0,0.0,0.0,0.0,0.0,0.0,0.03891474,0.0,0.0
0.0,0.0,0.0,0.72294164,0.0,0.0,0.0,0.0,0.0,0.0,0.0,0.0,0.0,0.0478881,0.09947568,0.0
0.0,0.0,0.0,0.0,0.0,0.0,0.0,0.0,0.027662843,0.32879907,0.0,0.0,0.0,0.33109185,0.7114812,0.0
0.0,0.0,0.0,0.0,0.0,0.1727016,0.91557825,0.0,0.0,0.4088768,0.0,0.0,0.36212617,0.6786581,0.9857431,0.0
0.32334003,0.14969146,0.0,0.0,0.0,0.0,0.0,0.0,0.0,0.0,0.0,0.0,0.0,0.080747515,0.12797919,0.0
0.16451436,0.67241746,0.0,0.0,0.0,0.0,0.0,0.0,0.0,0.0,0.0,0.0,0.0,0.0,0.0,0.0
0.0,0.0,0.023753554,0.0,0.0,0.0,0.0,0.00018841028,0.0,0.0,0.0,0.0,0.0,0.0,0.0,0.0
0.0,0.0,0.0,0.48649892,0.0,0.0,0.0,0.0,0.02005449,0.0,0.0,0.0,0.0,0.0,0.0,0.0
0.0,0.0,0.0,0.0,0.0,0.0,0.0,0.0047389567,0.032773107,0.0,0.0,0.0,0.0,0.0,0.0,0.0
0.0,0.0,0.0,0.0,0.0,0.0,0.0,0.0,0.0,0.0,0.0,0.0,0.0,0.0,0.0,0.0
0.0,0.0,0.0,0.0,0.0,0.0,0.0,0.0,0.0,0.0,0.0,0.0,0.0,0.0,0.0,0.27721176
0.0,0.0,0.0,0.0,0.0,0.0,0.0,0.0,0.0,0.0,0.0,0.0,0.0,0.0,0.0,0.13615572
0.0,0.0,0.0,0.0,0.0,0.0,0.0,0.0,0.0,0.0,0.0,0.0,0.0,0.0,0.0,0.48749676
0.026105564,0.0,0.0,0.0,0.0,0.0,0.0,0.0,0.0,0.0,0.0,0.0,0.2534616,0.0,0.0,1.2251735
0.0,0.0,0.0,0.0,0.0,0.0,0.0,0.0,0.0,0.0,0.0,0.0,0.14249349,0.08383391,0.0,1.3086891
0.0,0.0,0.0,0.0,0.0,0.0,0.0,0.0,0.03850376,0.0,0.07326763,0.0,0.0,0.45706385,0.0,0.737643
0.1550115,0.0,0.0,0.0,0.0,0.0,0.0,0.0,0.044814494,0.0,0.6662535,0.0,0.0,0.084735535,0.0,0.0
1.2627416,0.0,0.0,0.033580575,0.0,0.0,0.0,0.0,0.0,0.0,0.0,0.0,0.0,0.0,0.0,0.09002611
0.99701583,0.0,0.106175825,0.0,0.22512962,0.0,0.6144248,0.0,0.0,0.0,0.0,0.51896,0.0,0.0,0.0,0.15523097
0.120563895,0.0,0.38492423,0.0,0.3223826,0.0,0.3357952,0.0,0.0,0.43981415,0.029414225,0.3505427,0.0,0.0,0.0,0.39028937
0.0,0.0,0.0,0.0,0.0,0.0,0.0,0.0,0.0,0.0,0.5518407,0.0,0.20674632,0.0,0.0,0.42105716
0.0,0.0,0.0,0.0,0.0,0.0,0.0,0.0,0.19267319,0.0,0.0,0.03220106,0.18041632,0.0,0.0,0.0088611785
0.0,0.0,0.0,0.0,0.0,0.0,0.0,0.0,0.0,0.24611491,0.05618775,0.0,0.0054431334,0.0,0.0,0.0
0.035032254,0.0,0.0,0.0,0.0,0.0,0.12393718,0.13499844,0.26614082,0.036936007,0.08871177,0.12975554,0.14788593,0.0,0.0,0.32278076
0.0,0.0,0.0,0.0,0.4413836,0.0,0.0,0.0,0.0,0.0,0.0,0.0,0.0,0.0,0.0,0.0
0.80677146,0.5792248,0.46072477,0.33628735,1.0207403,0.3471858,0.40062022,0.59116507,0.48494512,0.58646995,0.58539265,0.4419423,0.623225,0.7083896,0.7323209,0.7450789
0.23545417,0.14738297,0.027485162,0.014749169,0.19079974,0.45897934,0.66156816,0.28164363,0.20703237,0.33568075,0.40980175,0.2806663,0.2760134,0.21101722,0.34633443,0.3022141
0.33943623,0.96436805,1.09743,0.91154695,0.0,0.9864648,0.88380593,1.2866598,0.34853634,0.739177,0.744208,0.0,0.22930071,0.68662417,1.0999455,0.3235016
0.0,0.6760489,1.3577833,0.5774228,0.0,0.0,0.0,0.0011706352,0.0,0.0,0.0,0.0,0.0,0.0,0.69474435,0.083927006
0.0,0.0,0.8370651,1.0939054,0.2679672,0.0,0.0,0.0,0.0,0.0,0.0668008,0.08705658,0.0,0.0,0.4897293,0.14906676
0.0,0.0,0.0,0.0,0.0,0.0,0.0,0.0,0.0,0.02580899,0.674804,0.0,0.013753235,0.0,0.0,0.0
0.0,0.45781693,0.0,0.0,0.0,0.0,0.4925691,0.0,0.0,0.0,0.044305563,0.0,0.6893872,0.0,0.0,0.0
0.0,0.13721702,0.0,0.0,0.0,0.0,0.66460073,0.0,0.0,0.0075076222,0.0,0.0,0.07689735,0.0,0.0,0.0
0.0,0.0,0.0,0.0,0.0,0.0,0.0,0.0,0.0,0.6427668,0.058184862,0.0,0.0,0.0,0.08371872,0.43527448
0.0,0.0,0.0,0.0,0.0,0.0,0.0,0.0,0.0,0.0,0.07182515,0.0,0.16655229,0.34820265,0.741557,0.10872394
0.0,0.0,0.0,0.51483214,0.0,0.0,0.0,0.0,0.0,0.0,0.0,0.0,0.08078927,0.0,0.17924203,0.0
0.26770708,0.0,0.0,0.0,0.0,0.0,0.0,0.0,0.0,0.0,0.0,0.0,0.0,0.0,0.0,0.0
0.0,0.0,0.0,0.021751821,0.0,0.0,0.0,0.0,0.0,0.0,0.0,0.0,0.0,0.0,0.0,0.0
0.0,0.0,0.0,0.0,0.0,0.0,0.0,0.0,0.0,0.0,0.0,0.0,0.0,0.0,0.0,0.0
0.0,0.0,0.0,0.0,0.0,0.21456037,0.0,0.0,0.0,0.0,0.0,0.0,0.0,0.0,0.0,0.0
0.0,0.0,0.0,0.0,0.0,0.46320832,0.0,0.0,0.0116454065,0.09661344,0.0,0.0,0.0,0.0,0.0,0.0
0.0,0.0,0.0,0.0,0.0,0.0,0.0,0.0,0.0,0.0,0.0,0.0,0.0,0.0,0.0,0.0
0.19588092,0.21572001,0.53762984,0.51809895,0.41350764,0.43448633,1.2444297,0.9010302,1.0358545,1.0916045,1.465167,1.3643965,0.8082488,0.81167847,1.1360805,1.1009089
0.0,0.0,0.0,0.0,0.0,0.0,0.0,0.0,0.0,0.0,0.0,0.0,0.0,0.0,0.0,0.0
0.0,0.0,0.0,0.0,0.033591166,0.0,0.0,0.0,0.0,0.0,0.0,0.0,0.0,0.0,0.0,0.0
0.0,0.0,0.0,0.0,0.3158925,0.0,0.0,0.0,0.0,0.0,0.0,0.0,0.0,0.0,0.0,0.03141521
0.0,0.0,0.0,0.0,0.0,0.0,0.0,0.0,0.0,0.0,0.0,0.0,0.0,0.0,0.0,0.26935932
0.0,0.0,0.0,0.145908,0.0,0.0,0.0,0.0,0.012549296,0.0,0.0,0.0,0.0,0.0,0.0,0.0
0.0,0.0,0.0,0.736043,0.0,0.0,0.0,0.0,0.0,0.0,0.0,0.0,0.0,0.0,0.0,0.0
0.0,0.0,0.0,0.0,0.0,0.0,0.0,0.0,0.0,0.0,0.0,0.0,0.0,0.0,0.0,0.0
0.0,0.0,0.0,0.0,0.0,0.0,0.0,0.0,0.0,0.0,0.0,0.0,0.0,0.0,0.0,0.08241294
0.0,0.0,0.0,0.0,0.0,0.0,0.0,0.0,0.0,0.0,0.0,0.0,0.12896353,0.66925263,0.44090176,0.6923082
0.0,0.0,0.0,0.0,0.0,0.0,0.0,0.0,0.0,0.0,0.0,0.0,0.0,0.0,0.0,0.0
0.0,0.0,0.0,0.0,0.0,0.0,0.0,0.0,0.0,0.0,0.0,0.0,0.0,0.0,0.0,0.0
0.0,0.0,0.0,0.0,0.0,0.0,0.0,0.0,0.0,0.0,0.0,0.0,0.0,0.0,0.0,0.0
0.0,0.0,0.0,0.0,0.0,0.0,0.0,0.0,0.0,0.0,0.0,0.0,0.0,0.0,0.0,0.0
0.0,0.0,0.0,0.0,0.0,0.0,0.0,0.0,0.0,0.0,0.0,0.0,0.0,0.0,0.0,0.0
0.0,0.0,0.0,0.0,0.0,0.0,0.0,0.0,0.0,0.0,0.0,0.0,0.0,0.0,0.0,0.0
0.0,0.13380617,0.0,0.12074703,0.26931256,0.0,0.0,0.0,0.0,0.0,0.0,0.0,0.30447695,0.3585529,0.4990239,0.0
0.0,0.0,0.0,0.0,0.0,0.0,0.0,0.0,0.0,0.0,0.30433938,0.0,0.0,0.0,0.96536565,0.4344577
0.0,0.0,0.0,0.0,0.0,0.0,0.0,0.0,0.0,0.0,0.3466966,0.0,0.0,0.0,0.0,0.37450492
0.0,0.0,0.0,0.0,0.0,0.0,0.0,0.0,0.0,0.0,0.0,0.30043197,0.5828388,0.0,0.0,0.03376782
0.0,0.0,0.0,0.0,0.0,0.0,0.5128727,0.30900863,0.0,0.0,0.0,0.24078849,0.3390627,0.0,0.0,0.0
0.0,0.0,0.0,0.0,0.0,0.0,0.0,0.8635405,0.0,0.0,0.0,0.0,0.10842469,0.75395405,0.0,0.0
0.0,0.0,0.0,0.0,0.0,0.0,0.0,0.58155215,0.0,0.0,0.0,0.0,0.0,0.17997786,0.7933651,0.0
0.0,0.0,0.0,0.0,0.0,0.0,0.0,0.0,0.0,0.0,0.0,0.0,0.0,0.0,0.23072144,0.0
0.0,0.0,0.0,0.0,0.0,0.0,0.0,0.0,0.0,0.0806074,0.0,0.0,0.0,0.0,0.0,0.0027656555
0.0,0.0,0.0,0.0,0.0,0.0,0.0,0.0,0.0,0.0,0.0,0.0,0.0,0.0,0.1349839,0.32481894
0.0,0.0,0.0,0.0,0.0,0.0,0.0,0.0,0.0,0.0,0.0,0.0,0.0,0.0,0.0,0.0428828
0.0,0.0,0.0,0.0,0.0,0.0,0.0,0.0,0.0,0.0,0.0,0.0,0.0,0.0,0.0,0.0
0.0,0.0,0.0,0.0,0.0,0.0,0.0,0.0,0.0,0.0,0.0,0.0,0.0,0.0,0.0,0.0
0.0,0.0,0.0,0.0,0.0,0.0,0.0,0.0,0.0,0.0,0.0,0.0,0.0,0.0,0.0,0.0
0.0,0.0,0.0,0.0,0.0,0.0,0.0,0.0,0.0,0.0,0.0,0.0,0.0,0.0,0.0,0.0
0.7617504,0.09012483,0.0,0.0,0.0,0.0,0.08874592,0.15558624,0.34864816,0.6210473,0.4192761,0.0,0.34810027,0.6842032,0.0,0.0
0.032969356,0.0,0.0,0.05421409,0.26188153,0.0,0.0,0.19878589,0.24084768,0.0,0.0,0.0,0.0,0.0,0.4246325,0.0
0.0,0.0,0.0,0.0,0.9033661,0.0,0.0,0.0,0.0,0.0,0.0,0.0,0.0,0.0,0.528069,0.0
0.0,0.0,0.0,0.0,0.0,0.0,0.09353796,0.0,0.26753223,0.0,0.0,0.0,0.0,0.0,0.10823822,0.0
0.0,0.0,0.0,0.27985734,0.0,0.0,0.0,0.0,0.0,0.0,0.0,0.0,0.0,0.2753111,0.041116863,0.0
0.0,0.0,0.0,1.0310383,0.0,0.0,0.0,0.0,0.1213876,0.0,0.0,0.0,0.00835067,0.0,0.0,0.0
0.0,0.0,0.0,0.0,0.0,0.0,1.0968994,0.0,0.090019435,0.0,0.0,0.0,0.25594065,0.0,0.0,0.0
0.0,0.0,0.0,0.0,0.0,0.0,0.0,0.0,0.0,0.0,0.0,0.5000298,0.0,0.0,0.0,0.4065814
0.0,0.0,0.05902934,0.0,0.0,0.0,0.0,0.9159143,0.0,0.0,0.0,0.0,0.0,0.0,0.4948129,0.47967362
0.0,0.0,0.0,0.0,0.0,0.0,0.939999,1.3270144,0.0,0.0,0.0,0.0,0.12312132,0.0,0.30029073,0.0
0.0,0.0,0.0,0.0,0.0,0.0,0.0,0.0,0.0,0.0,0.0,0.33732623,0.0,0.0,0.0,0.0
0.0,0.0,0.16541915,0.0,0.0,0.0,0.0,0.0,0.0,0.0,0.6143787,0.0,0.0,0.0,0.0,0.0
0.0,0.0,0.0,0.0,0.0,0.0,0.0,0.43939096,0.8122283,0.49788293,0.0,0.0,0.0,0.0,0.0,0.0
0.0,0.0,0.0,0.0,0.0,1.5131458,0.0,0.0,0.0,0.0,0.0,0.0,0.0,0.0,0.0,0.0
0.0,0.0,0.0,0.0,0.0,0.0,0.0,0.0,0.0,0.0,0.0,0.0,0.13290152,0.0,0.0,0.0
0.0,0.0,0.0,0.0,0.25706714,0.0,0.0,0.0,0.0,0.0,0.0,0.058757544,0.0,0.0,0.0,0.0
0.0,0.0,0.0,0.40170872,0.1320996,0.0,0.0,0.0,0.0,0.0,0.0,0.0,0.0,0.0,0.36169568,0.3407445
0.38388526,0.5833278,0.68342876,0.7322874,0.0,0.0,0.6604037,0.235787,0.0,0.0,0.0,0.17915396,0.09495942,0.59811866,0.68364537,0.0
0.0,0.0,0.0,0.0,0.0,0.0,0.0,0.0,0.0,0.0,0.0,0.0,0.0,0.0,0.0,0.0
0.0,0.0,0.0,0.0,0.0,0.0,0.0,0.0,0.0,0.0,0.0,0.27987102,0.10303421,0.40882343,0.462108,0.0
0.0,0.0,0.62244654,0.0,0.0,0.0,0.0,0.0,0.0,0.0,0.0,0.0,0.0,0.0,0.76936114,0.0
0.0,1.3489612,1.8434768,0.0,0.051303715,0.5154364,0.48781368,0.0,0.0,0.0,0.0,0.074218266,0.0,0.28667015,0.9661567,0.0
0.0,1.2488599,0.7764256,0.0,0.0,0.14528868,0.0,0.0,0.65636015,0.0,0.371529,0.0,0.0,0.0064621046,0.8005537,0.0
0.0,2.16235,0.1712936,0.0,0.0,0.08451161,0.0934795,0.23311213,0.7434583,0.0,0.77759516,0.0,0.068598524,0.0,0.52388597,0.0
0.0,3.0473588,0.3823991,0.0,0.0,0.0,0.0,0.0,0.0,0.0,0.0,0.0,0.0,0.0,0.35352463,0.0
0.0,1.4816967,0.788203,0.5569632,0.0,0.0,0.0,0.0,0.0,0.0,0.0,0.0035174228,0.0,0.29988158,0.32849988,0.0
0.0,0.16971672,0.0,0.0,0.0,0.0,0.0,0.0,0.0,0.0,0.0,0.0,0.0,0.24746358,0.0,0.0
0.0,0.0,0.0,0.0,0.5334698,0.0,0.34997502,0.47223648,0.7171626,0.22826639,0.0,0.07446867,0.0,0.09840697,0.0,0.0
0.0,0.0,0.0,0.0,0.0,0.0,0.0,0.0,0.12311664,0.12949675,0.0,0.0,0.0,0.0,0.0,0.37140623
0.0,1.2625734,0.0,0.0,0.0,0.0,0.06555154,0.17621957,0.1529637,0.0,0.0,0.0,0.0,0.0,0.0,1.304042
0.0,1.0618861,0.0,0.0075898655,0.0,0.34730503,0.22561082,0.0,0.0,0.0,0.0,0.0,0.0,0.0,0.45695847,0.93442345
0.0,0.90469444,0.42178726,1.1848477,0.0,0.3748586,0.14974406,0.0,0.0,0.0,0.0,0.0,0.0,0.0,0.97049034,1.4195923
0.0,0.94424427,0.50370693,0.18207891,0.0,0.35477912,0.21368521,0.0,0.0,0.0,0.0,0.0,0.0,0.0,0.47008368,0.9344592
0.4117428,0.0,0.098761424,0.046595156,0.21964186,0.023115769,0.0,0.047646984,0.25492513,0.14046606,0.0,0.0,0.0,0.0,0.6240902,0.3409244
0.026146948,0.0,0.0,0.0,0.79485786,0.0,0.0,0.0,0.36264637,0.0,0.0,0.0,0.0,0.0,0.11322786,0.0
0.0,0.0,0.0,0.0,0.57542694,0.0,0.0,0.0,0.6444456,0.0,0.0,0.0,0.0,0.0,0.0,0.0
0.70170027,0.0,0.0,0.0,0.0,0.0,0.0,0.0,0.0,0.0,0.0,0.0,0.0,0.0,0.09973681,0.0
1.3392379,0.0,0.0,0.31893927,0.0,0.0,0.0,0.0,0.0,0.052275464,0.0,0.0,0.0,0.0,0.12920459,0.0
0.9000508,0.0,0.0,0.0,0.0,0.0,0.0,0.0,0.1310043,0.0,0.0,0.0,0.0,0.0,0.0,0.0
0.0,0.0,0.0,0.0,0.0,0.0,0.0,0.0,0.0,0.0,0.0,0.0,0.0,0.0,0.4817937,0.0
0.0,0.0,0.0,0.0,0.0,0.0,0.0,0.0,0.0,0.0,0.0,0.0,0.0,0.0,1.0281498,0.119750306
0.0,0.0,0.0,0.0,0.0,0.0,0.0,0.0,0.0,0.0,0.0,0.0,0.0,0.0,0.64549255,0.048522443
0.0,0.0,0.0,0.0,0.0,0.0,0.0,0.0,0.0,0.0,0.0,0.0,0.0,0.0,0.0,0.0
0.0,0.0,0.26991367,0.0,0.0,0.0,0.0,0.0,0.0,0.0,0.0,0.0,0.0,0.0,0.11108926,0.0
0.0,0.0,0.0,0.0,0.0,0.0,0.0,0.0,0.0,0.0,0.0,0.0,0.0,0.0,0.0,0.0
0.0,0.0,0.0,0.0,0.0,0.0,0.0,0.0,0.0,0.0,0.0,0.0,0.0,0.0,0.057139173,0.67681074
0.0,0.0,0.0,0.0,0.0,0.0,0.0,0.0,0.0,0.0,0.0,0.0,0.0,0.0,0.0074854046,0.39408267
0.0,0.0,0.0,0.0,0.0,0.0,0.0,0.0,0.0,0.0,0.0,0.19074365,0.0,0.0,1.0522828,0.0
0.0,0.0,0.0,0.0,0.0,0.0,0.0,0.0,0.0,0.0,0.0,0.0,0.0,0.0,0.037418887,0.0
0.0,0.0,0.15767424,0.09783895,0.0,0.0,0.0,0.0,0.0,0.0,0.0,0.0,0.0,0.0,0.0,0.0
0.0,0.0,0.0,0.3313938,0.0,0.0,0.0,0.0,0.0,0.0,0.0,0.0,0.0,0.0,0.0,0.0
0.0,0.0,0.0,0.0,0.0,0.0,0.0,0.0,0.0,0.0,0.0,0.0,0.0,0.0,0.0,0.0
0.0,0.0,0.0,0.0,0.0,0.0,0.0,0.0,0.0,0.0,0.0,0.0,0.0,0.0,0.0,0.0
0.0,0.0,0.0,0.0,0.0,0.0,0.0,0.0,0.0,0.0,0.0,0.0,0.0,0.0,0.0,0.0
0.0,0.0,0.0,0.0,0.0,0.0,0.0,0.0,0.0,0.0,0.0,0.0,0.0,0.0,0.0,0.32003665
0.0,0.0,0.0,0.0,0.0,0.0,0.0,0.0,0.0,0.0,0.0,0.0,0.0,0.0,0.0,0.43141854
0.0,0.0,0.0,0.0,0.0,0.0,0.0,0.0,0.0,0.0,0.0,0.0,0.0,0.0,0.027901769,0.0
0.0,0.0,0.0,0.0,0.0,0.0,0.0,0.0,0.0,0.0,0.0,0.0,0.0,0.0,0.6002639,0.08309862
0.0,0.0,0.0,0.0,0.0,0.0,0.0,0.0,0.0,0.0,0.0,0.0,0.0,0.0,0.0,0.0
0.0,0.0,0.0,0.0,0.0,0.0,0.0,0.0,0.0,0.0,0.0,0.41421685,0.0,0.0,0.0,0.0
0.0,0.0,0.0,0.0,0.0,0.0,0.0,0.27251595,0.35016158,1.075305,0.8467356,0.075278476,0.1370415,0.0,0.0,0.0
0.0,0.0,0.0,0.0,0.0,0.0,0.5384279,0.5606257,0.79289865,0.6078281,0.17765594,0.0,0.0,0.0,0.0,0.0
0.0,0.0,0.0,0.0,0.0,0.0,0.046102434,0.0,0.0,0.0,0.0,0.0,0.0,0.0,0.0,0.0
0.0,0.0,0.0,0.5002518,2.0199394,0.6022248,0.0,0.0,0.0,0.0,0.0,0.0,0.0,0.0,0.0,0.0
0.0,0.387568,0.355076,1.9774839,1.8828479,0.54261386,0.0,0.070100114,0.0033243,0.0,0.0,0.042048633,0.0,0.0,0.0,1.2170109
0.0,0.0,0.0,0.0,0.0,0.0,0.0,0.0,0.0,0.0,0.0,0.0,0.0,0.0,0.0,0.0
0.29687637,0.8025532,1.1176455,0.6192683,0.0,0.0,0.8143164,0.0,0.0,0.49016845,0.7874844,0.99618286,0.4903489,1.0642014,0.46743965,0.0
0.0,0.11770195,0.632053,0.0,0.0,0.0,0.0,0.0,0.0,0.0,0.8365544,0.58115846,0.6104032,0.0,0.0,0.0
0.0,0.0,0.0,0.0,1.2728269,0.0,0.0,0.3587134,0.0,0.0,0.23270433,0.0,0.9379785,0.1561785,0.0,0.12639737
0.0,0.19080758,0.0,0.0,0.7131466,0.37280452,0.0,0.0,0.0,0.0,0.7107326,0.566008,0.010713756,0.8763541,0.0,0.0
0.0,0.4469578,0.0,0.0,0.0,1.8310072,0.0,0.4548693,0.0,0.0,0.0,0.0,0.0,1.4308834,0.87221706,0.0
0.0,0.0,0.3735695,0.2679967,0.0,0.0,0.0,1.0778946,0.0,0.0,0.0,0.0,0.0,0.18380162,0.5957148,0.21735469
0.0,0.0,0.0,0.71280575,0.0,0.0,0.0,0.0,0.6202232,0.0,0.0,0.93575394,0.0,0.0,0.0,0.0
0.0,0.0,0.0,0.005512148,0.0,0.0,0.0,0.0,0.0,0.0,0.0,0.0,0.0,0.0,0.0,0.0
0.0,0.44169736,0.0,0.033617735,0.5397239,0.0,0.0,0.0,0.0,0.0,0.0,0.0,0.0,0.0,0.0,0.0
0.0,0.85834193,0.0,0.0,0.0,0.0,0.0,0.0,0.0,0.24294749,0.6924698,0.1417259,0.2537533,0.1691216,0.61981606,0.0
0.0,0.66593826,0.0,0.0,0.0,0.8823512,0.0,0.0,1.239434,1.4407682,0.21575847,0.437703,0.607949,0.30639836,0.7239475,0.25391975
0.0,0.0,0.0,0.0,0.0,0.0,0.83945787,0.0,0.0,0.0,0.21637288,0.18649736,0.0,0.0,0.20481351,0.05933222
0.14250308,0.033288687,0.0,0.0,0.0,0.0,0.2237354,0.0,0.0,0.0,0.0,0.0,0.0,0.0,0.0,0.0
0.0,1.2564583,0.0,0.0,0.0,0.0,0.0,0.11729157,0.0,0.12399745,0.0,0.0,0.0,0.0,0.0,0.041213274
0.0,0.0,0.7213999,0.0,0.0,0.0,0.0,0.0,0.0,0.0,0.0,0.0,0.0,0.0,0.0,0.15426049
0.0,0.0,0.0,0.0,0.0,0.0,0.0,0.0,0.0,0.0,0.0,0.0,0.0,0.0,0.0,0.013923004
0.5634533,0.5931047,0.51565367,0.48615876,0.0,0.0,0.0,0.009148762,0.0,0.0,0.0,0.0,0.0,0.0,0.34209335,0.4936551
0.0,0.0,0.0,0.0,0.11385356,0.0,0.0,0.0,0.0,0.0,0.0,0.0,0.0,0.0,0.0,0.12615849
0.0,0.0,0.0,0.0,0.0,0.0,0.0,0.0,0.029264547,0.0,0.0,0.1687575,0.0,0.0,0.23742992,0.0
0.15323278,0.0,0.0,0.18162379,0.0,0.0,0.0,0.0,0.0,0.09087334,0.0,0.3163504,0.0,0.0,0.37859455,0.0
0.8842739,0.0,0.0,0.97205275,0.0,0.0,0.0,0.0,0.0,1.0154032,0.0,0.0,0.24067368,0.0,0.0,0.19601974
0.7897437,0.0,0.059887536,0.13644399,0.23038861,0.0,0.0,0.0,0.0,0.6096143,0.0,0.0,0.0,0.0,0.0,0.0582996
0.49341843,0.0,0.564744,0.0,0.6488808,0.0,0.0,0.0,0.0,0.0,0.0,0.0,0.33855048,0.0,0.0,0.0
0.17140384,0.0,0.0,0.017988369,0.0,0.0,0.0,0.0,0.0,0.0,0.0,0.0,0.0,0.0,0.0,0.0
0.13368604,0.0,0.0,0.6369095,0.0,0.0,0.0,0.0,0.0,0.0,0.0,0.0,0.0,0.0,0.0,0.0
0.07606736,0.0,0.0,0.0,0.0,0.0,0.0,0.0,0.0,0.0,0.0,0.0,0.0,0.0,0.0,0.0
0.028961547,0.0,0.0,0.16482174,0.0,0.28377438,0.0,0.0,0.0,0.0,0.0,0.0,0.0,0.0,0.0,0.0
0.0,0.0,0.0,0.0,0.0,0.0,0.0,0.0,0.0,0.0,0.0,0.0,0.0,0.0,0.0,0.0
0.0,0.0,0.48306334,0.0,0.3269629,0.0,0.0,0.0,0.0,0.0,0.0,0.0,0.0,0.0,0.0,0.0
0.0,0.0,0.0,0.0,0.0,0.0,0.0,0.0,0.0,0.0,0.0,0.0,0.0,0.0,0.0,0.0
0.0027738065,0.0,0.4176045,0.16162294,0.059667572,0.020518214,0.0,0.0,0.11149565,0.0,0.005716622,0.33954275,0.14903568,0.0,0.056214012,0.0
0.66133064,0.3441655,0.116050065,0.0,0.3468518,0.6269305,0.13102669,0.0,0.0,0.0,0.0,0.009310365,0.23185492,0.074380755,0.0,0.1326887
0.85349905,0.0,0.0,0.0,0.0,0.0,0.0,0.0,0.0,0.0,0.0,0.0,0.0,0.0,0.0,0.0
1.5777969,0.39830142,0.0,0.22153866,0.0,0.1648066,0.0,0.0,0.0,0.0,0.28208482,0.0,0.04968089,0.9367114,0.0,0.7400061
0.94355786,0.05981505,0.0,0.4243979,0.0,0.0,0.0,0.0,0.0,0.6973694,0.060075343,0.40902492,0.0,0.9196344,0.4182081,0.45360237
1.4222107,0.0,0.44007787,1.2363255,0.0,0.0,0.0,0.0,0.7838511,1.0393621,0.0,0.0,0.0,0.22376776,0.82580143,0.0
1.870614,0.0,0.0,0.0,0.0,0.0,0.0,0.42801234,0.57840353,0.99671936,0.0,0.0,0.24921381,0.15955025,0.08776671,0.0059318542
1.8266788,0.0,0.23258817,0.0,0.0,0.0,0.0,0.0,0.02440101,0.96238935,0.0,0.0,0.0,0.6558256,0.34928337,0.27177638
1.2783691,0.0,1.1528816,0.0,0.8699039,0.0,0.0,0.0,0.15452176,1.1446916,0.0,0.0,0.08316803,0.5781673,0.20720994,0.17763829
0.7615523,0.0,0.6618299,0.0,0.07254976,0.0,0.0,0.0,0.0,0.0,0.0,0.0,0.4164124,0.09827328,0.0,0.0
1.3170121,0.46161896,0.34998962,1.1010265,0.0,0.0,0.0,0.0,0.48412603,0.0,0.0,0.0,0.0,0.0,0.0,0.0
1.7623608,0.14704359,0.83253694,0.5029521,0.0,0.0,0.0,0.0,0.0,0.0,0.0,0.0,0.0,0.0,0.0,0.0
2.3638358,0.0,0.6222697,0.08040196,0.0,0.0,0.0,0.0,0.0,0.0,0.0,0.0,0.0,0.0,0.105121136,0.13122606
0.8321343,0.0,0.28451484,0.0,0.0,0.0,0.0,0.0,0.0,0.0,0.055298626,0.24835306,0.4191245,0.5116321,0.8078054,0.22289997
0.4287071,0.0,1.0741906,0.0,0.0,0.0,0.0,0.4292431,0.34970957,0.29260474,0.43565893,0.4372297,0.23020345,0.20748103,0.33687127,0.0
1.2030703,0.0,0.0,0.0,0.0,0.0,0.1522429,0.19434679,0.14785421,0.18198442,0.27914178,0.21929944,0.0,0.0,0.0,0.0
1.1536034,0.0,0.0,0.0,0.0,0.0,0.051358283,0.1050455,0.18558317,0.16942626,0.32595354,0.2780878,0.1511277,0.0,0.0,0.0
0.10774389,0.33070692,0.09080994,0.13714164,0.0,1.1222589,0.0,0.17047384,0.0,0.36649394,0.48711777,0.0,0.0,0.24096087,0.0,0.860829
0.0,0.22188488,0.43588218,0.106471926,0.0,0.0,1.2311856,0.0,0.0,0.0,0.651227,0.957865,0.2728302,0.0,0.0,0.38613737
0.86554927,0.0,0.20334795,0.2972389,0.9699824,0.0,0.0,0.0,0.0,0.0,0.24559702,0.0,1.6443352,0.49322993,0.0,0.555758
0.89518094,1.2915344,0.0,0.0,0.92112803,0.0,0.0,0.19684891,0.5733009,0.0,0.8763465,0.0,0.0,2.1675901,0.0,0.0
0.0,0.31960845,0.41496927,0.0,0.0,0.5908595,0.0,0.0,0.37628815,0.5624342,0.0,0.6915017,0.0,0.7482158,1.3824546,0.0
0.0,0.0,0.0,3.2232978,0.0,0.0,0.014382005,0.0,0.23849405,0.0,0.097752005,0.0,0.0,0.0,1.0719724,0.0
0.0,1.0290986,0.0,0.0,0.0,0.0,0.0,0.0,0.0,0.0,0.0,0.0,0.3780417,0.0,0.0,0.5532818
0.0,0.0,0.7228699,0.0,0.5702215,0.0,0.060097694,0.0,0.0,0.0,0.0,0.0,0.008064866,0.22555162,0.0,0.1751135
0.3243267,0.0,1.0885018,0.0,1.0208551,0.0,0.0,1.0889639,0.0,1.8602859,0.0,0.0,0.9081181,0.21728094,0.0,0.0
0.0,0.14384902,0.0,0.037122577,0.0,0.0,0.0,0.0,0.89020777,0.0,0.4855013,0.0,0.027750373,0.0653213,0.0,0.0
0.0,0.21416374,0.0,0.0,0.0,0.0,0.0,0.0,0.0,0.0,0.0,0.0,0.0,0.0,0.0,0.0
0.15970543,0.0,0.0,0.0,0.0,0.0,0.0,0.0,0.0,0.0,0.0,0.0,0.0,0.0,0.0,0.0
2.6534986,0.0,0.0,0.0,0.0,0.0,0.0,0.16165566,0.014629245,0.0,0.0,0.0,0.0,0.0,0.0,0.0
0.0,2.2790797,0.0,0.0,0.21260661,0.0,0.061718643,0.14600155,0.0,0.193574,0.19375174,0.0,0.14295444,0.23962693,0.5347226,0.0
0.0,0.0,2.1208332,0.0,0.0,0.0,0.0,0.0,0.0,0.0,0.0,0.0,0.0,0.0,0.3993749,0.0
0.16219288,0.0,0.0,0.0,0.0,0.3591749,0.50475013,0.0,0.0,0.025727332,0.24121016,0.2728747,0.0,0.0,0.26827317,0.0
0.0,0.5816691,0.6735736,0.73696625,0.39274392,0.3941252,0.5223218,1.1201735,0.7528919,0.86393744,0.5938622,0.55934507,0.7698945,0.9545725,0.2513786,0.43765807
0.0,0.0,0.0,0.0,0.0,0.0,0.0,0.0,0.0,0.0,0.0,0.0,0.0,0.0,0.0,0.21078631
0.0,0.0,0.0,0.031894118,0.0,0.0,0.0,0.0,0.0,0.0,0.0,0.0,0.0,0.0,0.0,0.46981046
0.0,0.0,0.0,0.0,0.0,0.0,0.0,0.0,0.0,0.0,0.0,0.0,0.084427774,0.10251774,0.0,0.012410939
0.0,0.0,0.0,0.0,0.0,0.0,0.0,0.0,0.40147975,0.0,0.0,0.0,0.0,0.52649915,0.0,0.0
0.0,0.0,0.0,0.0,0.0,0.0,0.0,0.0,0.6226243,0.0,0.0,0.0,0.0,0.0,0.0,0.0
0.0,0.0,0.0,1.1763396,0.0,0.0,0.0,0.0,0.54187274,0.0,0.0,0.0,0.0,0.0,0.0,0.0
0.0,0.0,0.0,0.0,0.42886204,0.0,0.0,0.0,0.23734277,0.0,0.0,0.03621036,0.0,0.0,0.0,0.05107428
0.0,0.0,0.0,0.0,0.0,0.0,0.0,0.0,0.0,0.0,0.0,0.5898103,0.26387215,0.0,0.0,0.0
0.0,0.0,0.0,0.0,0.0,0.0,0.0,0.0,0.0,0.0,0.0,0.0,0.6415077,0.0,0.0,0.5345926
0.0,0.0,0.0,0.0,0.0,1.4373379,0.0,0.0,0.0,0.0,0.2681058,0.0,0.0,0.0,0.0,0.0
0.0,0.0,0.44057328,0.0,0.0,0.0,0.0,0.0,0.0,0.0,0.0,0.0,0.0,0.0,0.0,0.0
0.0,0.0,0.0,0.0,0.0,0.0,0.0,0.0,0.0,0.24282305,0.36935025,0.15479636,0.015261009,0.0,0.0,0.0
0.061970472,0.0,0.0,0.0,0.24082229,0.0,0.4135587,0.39044705,0.23047034,0.06171757,0.011249483,0.0,0.0,0.0,0.0,0.0
0.0,0.5867131,0.0,0.0,0.038909644,0.0,0.0,0.0,0.0,0.0,0.0,0.0,0.0,0.0,0.0,0.0
0.55844223,1.0191779,1.1525941,0.0,0.0,1.0676708,0.5896176,0.74797755,0.69057775,0.54952157,0.8464152,0.9968469,0.18525545,0.25784168,0.0,0.0
0.0,0.3347686,0.3289842,0.2848046,0.03048046,0.0,0.0,0.0,0.0,0.0,0.0,0.0,0.0,0.0,0.0,1.0817695
0.0,0.0,0.0,0.0,0.09705065,0.0,0.0,0.0,0.0,0.0,0.0,0.0,0.0,0.0,0.0,1.0985997
0.0,0.0,0.0,0.0,0.0,0.0,0.0,0.0,0.0,0.0,0.34862828,0.0,0.37585807,0.0,0.0,1.1358597
0.15961376,0.0,0.0,0.0,0.0,0.0,0.0,0.0,0.6005994,0.0,0.0,0.0,0.0,0.0,0.0,0.7420232
0.14228535,0.30443245,0.36851516,0.0,0.17693114,0.0,0.44364753,0.0,0.88900524,0.0,0.0,0.0,0.0,0.0,0.0,0.1410779
0.0,0.20914312,0.0,0.0,0.0,0.0,0.0,0.0,1.5802796,0.0,0.5558879,0.0,0.0,0.0,0.0,0.18317997
0.0,0.26605737,0.0,0.48447713,0.0,0.0,0.0,0.0,1.4162691,0.0,0.10744018,0.0,0.0,0.0,0.0,0.8108577
0.0,0.14818826,0.0,0.0,0.0,0.0,0.0,0.0,0.0,0.0,0.0,0.0,0.0,0.087759726,0.0,0.6533965
0.0,0.0,0.0,0.0,0.0,0.0,0.0,0.0,0.0,0.0,0.0,0.0,0.0,0.0,0.0,0.80997604
0.0,0.0,0.06410541,0.0,0.0,0.0,0.0,0.0,0.0,0.0,0.0,0.0,0.0,0.0,0.0,0.44167972
0.0,0.0,0.5139306,0.0,0.0,0.0,0.0,0.0,0.0,0.0,0.0,0.0,0.0,0.0,0.0,0.42323634
0.0,0.0,0.0,0.0,0.0,0.0,0.0,0.0,0.0,0.0,0.0,0.0,0.0,0.0,0.0,0.13783756
0.0,0.0,0.0,0.0,0.0,0.0,0.0,0.0,0.0,0.0,0.0,0.0,0.0,0.0,0.0,0.0
0.415483,0.0,0.0,0.0,0.0,0.0,0.0,0.0,0.0,0.0,0.0,0.0,0.0,0.0,0.0,0.0
0.4987456,0.0,0.0,0.0,0.0,0.0,0.06215147,0.0,0.0924753,0.05669287,0.39785713,0.13608977,0.0,0.0,0.0,0.15844691
0.4091611,0.0,0.0,0.1333608,0.0,0.0,0.0,0.0,0.032310724,0.1221373,0.21397305,0.0,0.0,0.0,0.0,0.49352694
0.46010575,0.21179178,0.35308525,0.44029775,0.74182034,0.0,0.023688853,0.18047653,0.6586069,0.010188401,0.0,0.22284351,0.39613408,0.26191935,0.30494082,0.15779401
0.0,0.0,0.0,0.0,0.1381135,0.0,0.0,0.0,0.0,0.0,0.0,0.0,0.0,0.0,0.0,0.0
0.79522073,0.0,0.0,0.0,0.89748436,0.51270026,0.0,0.0,0.8058195,0.0,0.0,0.0,0.0,0.0,0.04520127,0.014616728
1.9618564,0.0,0.066164464,0.0,0.2539898,0.18794376,0.0,0.0,0.0,0.0,0.0,0.0,0.0,0.0,0.0,0.0
1.7729897,0.0,0.0,0.0,0.8887198,0.0,0.0,0.0,0.2187197,0.0,0.0,0.0,0.0,0.0,0.0,0.0
0.67073786,0.0,0.0,0.0,0.0,0.0,0.0,0.0,0.612695,0.0,0.13241397,0.0,0.0,0.0,0.0,0.0
0.13692385,0.0,0.0,0.0,0.0,0.0,0.0,0.0,0.16046283,0.0,0.07563266,0.0,0.0,0.31392714,0.0,0.0
0.0,0.0,0.0,0.0,0.0,0.0,0.0,0.0,0.0,0.0,0.0,0.0,0.0,0.038976252,0.0,0.0
0.0,0.0,0.0,0.0,0.0,0.0,0.0,0.0,0.0,0.0,0.0,0.0,0.0,0.0,0.039901793,0.0
0.0,0.0,0.41723573,0.0,0.0,0.0,0.0,0.0,0.0,0.0,0.0,0.0,0.0,0.21815048,0.47626746,0.0
0.7374396,0.0,1.1989276,0.0,0.5388198,0.0,0.0,0.4636985,0.0,0.0,0.0,0.0,0.0,0.01763305,0.40129685,0.0
1.280102,0.0,0.5857388,0.0,0.0,0.0,0.0,0.0,0.0,0.0,0.0,0.0,0.0,0.54714906,0.65927124,0.0
0.8037002,0.120092005,0.0,0.5204667,0.0,0.0,0.0,0.19594085,0.2068302,0.0,0.0,0.26638034,0.5022677,0.30653003,0.5547629,0.0
0.6034022,0.0,0.0,2.421715,0.0,0.0,0.0,0.0,0.11198172,0.22203307,0.21018507,0.31103134,0.1889574,0.12167396,0.640131,0.0
0.37066272,0.0,0.0,0.997564,0.0,0.0,0.0,0.0,0.0,0.0,0.0,0.0,0.0,0.0,0.0,0.0
0.8666203,0.0,0.0,0.0,0.0,0.0,0.0,0.0,0.0,0.0,0.0,0.0,0.0,0.0,0.0,0.0
0.0,0.0,0.0,0.0,0.0,0.0,0.0,0.0,0.0,0.0,0.0,0.0,0.0,0.0,0.0,0.0
0.0,0.0,0.0,0.0,0.0,0.0,0.0,0.0,0.0,0.0,0.0,0.0,0.0,0.0,0.0,0.21497369
0.0,0.0,0.0,0.0,0.0,0.0,0.0,0.0,0.0,0.0,0.0,0.0,0.087485194,0.0,0.0,0.3726031
0.0,0.0,0.0,0.0,0.0,0.0,0.0,0.0,0.0,0.0,0.0,0.0,0.4232864,0.24615103,0.0,0.4191838
0.0,0.0,0.0,0.0,0.0,0.0,0.0,0.0,0.50109845,0.0,0.0,0.0,0.04554504,0.3839499,0.0,0.29478472
0.0,0.0,0.3281007,0.06986934,0.0,0.0,0.0,0.0,0.7443753,0.0,0.0,0.3398291,0.0,0.27475825,0.618479,0.44536564
0.0,0.0,0.0,1.513041,0.0,0.0,0.0,0.0,1.0389261,0.0,0.0,0.43913844,0.0,0.0,0.2696281,0.5431257
0.0,0.0,0.0,0.4937694,0.0,0.0,0.0,0.0,0.0,0.0,0.0,0.2549395,0.0,0.0,0.0,0.14154184
0.06641859,0.26700747,0.17474896,0.0,0.0,0.0,0.0,0.0,0.0,0.0,0.0,0.0,0.0,0.0,0.0,0.09281957
0.0,0.547588,0.7948922,0.0,0.0,0.0,0.0,0.0,0.0,0.0,0.0,0.0,0.0,0.0,0.0,0.18250066
0.0,0.0,0.8440469,0.0,0.0,0.0,0.0,0.0,0.0,0.0,0.0,0.0,0.0,0.0,0.0,0.10831493
0.0,0.0,0.1478684,0.0,0.0,0.0,0.0,0.0,0.0,0.0,0.0,0.0,0.12793005,0.16613972,0.39430663,0.4282857
0.0,0.0,0.0,0.0,0.16050678,0.0,0.0,0.0,0.28783205,0.18485916,0.10561895,0.2835087,0.1903348,0.08528912,0.056540966,0.23935771
0.25990635,0.83809584,0.0,0.0,0.662579,0.0,0.0,0.34168813,0.44965577,0.37672272,0.39278072,0.28220773,0.18876326,0.0,0.0,0.4344582
0.06376368,1.607704,0.9792696,0.1491136,0.11859739,0.0,0.4147825,0.47926518,0.42660564,0.43316588,0.710838,0.7475597,0.2782436,0.0,1.1296195,1.0896633
0.16189307,0.0,0.8345487,0.0,0.0,0.0,0.0,0.0,0.0,0.0,0.0,0.0,0.0,0.0,0.74468625,0.08958298
0.0,0.0,0.0,0.0,0.0,0.0,0.0,0.0,0.0,0.0,0.0,0.0,0.0,0.0,0.0,0.04037106
0.0,0.0,0.0,0.0,0.0,0.0,0.0,0.0,0.64730346,0.44194382,0.0,0.0,0.0,0.0,0.0,0.19541508
0.0,0.2621868,0.0,0.0,0.0,0.0,0.37829423,0.0,0.08864564,0.0,0.0,0.0,0.0,0.0,0.0,0.4769486
0.0,0.0,0.0,0.9897312,0.6557139,0.0,0.0,0.19442928,0.0,0.0,0.037641853,0.0,0.0,0.0,0.0,0.373075
0.0,0.0,0.0,1.4194968,0.0,0.0,0.0,0.0,0.22893515,0.0,0.0,0.17984334,0.017392129,0.0,0.0,0.0
0.0,0.0,0.0,0.3522823,0.0,0.0,0.0,0.0,0.0,0.0,0.0,0.85709643,0.0,0.0,0.0,0.0
0.07926488,0.0,0.0,0.06025082,0.0,0.0,0.0,0.27440694,0.0,0.0,0.0,0.20124698,0.0,0.0,0.0,0.0
0.0,0.0,0.16389689,0.18381706,0.0,0.0,0.0,0.8346517,0.0,0.0,0.06541833,0.0,0.13067204,0.0,0.0,0.0
0.0,0.0,0.013466179,0.0,0.0,0.0,0.0,0.57971895,0.0,0.0,0.0,0.0,0.022521496,0.0,0.0,0.0014826655
0.0,0.0,0.0,0.84456295,0.0,0.0,0.0,0.0,0.0,0.0,0.0,0.6320139,0.0,0.0,0.0,0.0
0.0,0.4523192,0.13249621,0.0,0.0,0.0,0.0,0.0,0.32971418,0.0,0.0,0.0,0.0,0.0,0.7948487,0.0
0.0,0.46210966,0.0,0.0,0.0,0.0,0.0,0.0,0.0,0.0,0.0,0.0,0.0,0.0,0.8828376,0.0
0.025675148,0.0,0.0,0.0,2.0489545,0.0,0.0,0.0,0.07955989,0.061927497,0.19710404,0.0,0.21223745,0.7552259,0.0,0.0
0.31690723,0.0,0.0,0.0,1.8800178,0.0,0.21547371,0.17115435,0.42668977,0.20061457,0.0529086,0.08787596,0.66295457,0.0,0.0,0.0
0.47172737,0.0,0.0,0.0,0.3224731,0.0,0.0,0.0,0.0,0.0,0.0,0.0,0.0,0.0,0.0,0.0
0.0,0.0,0.0,0.0,0.0,0.0,0.0,0.0,0.0,0.0,0.0,0.0,0.0,0.0,0.0,0.0
0.0,0.0,0.0,0.0,0.0,0.0,0.0,0.0,0.0,0.0,0.0,0.0,0.0,0.0,0.0,0.0
0.0,0.0,0.0,0.0,0.0,0.0,0.0,0.0,0.0,0.0,0.0,0.0,0.0,0.0,0.0,0.0
0.0,0.0,0.0,0.0,0.0,0.0,0.0,0.0,0.0,0.0,0.0,0.0,0.0,0.24819118,0.0,0.0
0.0,0.0,0.0,0.0,0.0,0.0,0.0,0.0,0.0005829334,0.0,0.0,0.0,0.0,0.36527145,0.0,0.0
0.0,0.0,0.0,0.0,0.0,0.0,0.0,0.0,0.14593282,0.0,0.0,0.0,0.0,0.0,0.0,0.0
0.0,0.0,0.0,0.0,0.0,0.0,0.0,0.0,0.0,0.0,0.0,0.0,0.0,0.0,0.0,0.070548445
0.0,0.0,0.0,0.0,0.0,0.0,0.0,0.0,0.0,0.0,0.0,0.0,0.0,0.0,0.0,0.043596208
0.0,0.0,0.0,0.0,0.0,0.0,0.0,0.0,0.0,0.0,0.0,0.0,0.0,0.0,0.0,0.0
0.0,0.0,0.0,0.0,0.0,0.0,0.0,0.03365332,0.0,0.0,0.0,0.0,0.0,0.0,0.0,0.0
0.0,0.0,0.0,0.0,0.0,0.0,0.0,0.0,0.0,0.0,0.0,0.0,0.0,0.0,0.0,0.0
0.0,0.0,0.0,0.0,0.0,0.0,0.0,0.0,0.0,0.0,0.0,0.0,0.0,0.0,0.0,0.0
0.0,0.0,0.0,0.0,0.0,0.0,0.0,0.0,0.0,0.0,0.0,0.0,0.0,0.0,0.0,0.4813122
0.0,0.9137143,0.0,0.0,0.0,0.0,0.0,0.43805262,0.48796958,0.21391499,0.14643726,0.12640887,0.0,0.0,0.0,0.0
0.0,1.0501969,0.21271744,0.0,0.0,0.16484201,0.0,0.2910327,0.27982208,0.25348735,0.34251428,0.21637216,0.008949548,0.5789503,0.08985528,0.0
0.0,0.347287,0.7221733,0.0,0.0,0.5221475,0.5565755,0.27305502,0.3253861,0.41372943,0.5642864,0.93546355,0.6627827,0.16718599,0.030510366,0.56679463
0.0,0.0,0.0,0.27619892,0.23319684,0.03671089,0.23958974,0.09387854,0.0,0.0,0.0,0.184648,0.0,0.0,0.0,0.24795285
0.5992911,0.0,0.0,0.0,0.118027925,0.0,0.0,0.0,0.0,0.0,0.0,0.07881439,0.0702247,0.08726996,0.011821866,0.0
0.49085397,0.0,0.41395515,0.3996135,0.30276307,0.0,0.0,0.39463574,0.23053169,0.61140394,0.06368148,0.84260154,0.57331955,0.7856797,0.71076703,0.0
0.0,0.24605933,0.0,0.0,0.0,0.0,0.0,0.22975874,0.28765103,0.0,0.0,0.049287558,0.0,0.51532906,0.7095263,0.0
0.0,1.0297487,0.0,0.0,0.0,0.0,0.0,0.0,0.0,0.0,0.0,0.0,0.0,0.0,1.3867103,0.0
0.0,0.0,0.0,0.23355609,0.0,0.0,0.0,0.0,0.0,1.6154358,0.0,0.15940773,0.4164489,0.0,1.3110749,0.0
0.0,0.0,0.0,0.0,0.0,0.0,0.0,0.0,0.0,1.8043705,0.0,0.0,0.33627367,0.0,0.9755279,0.0
0.0,0.0,0.22723946,0.0,0.0,0.0,0.0,0.0,0.0,1.3804541,0.0,0.0,0.4326233,0.10040569,0.09321016,0.0
0.0,0.0,0.047438204,0.0,0.0,0.0,0.0,0.035672367,0.0,0.51742065,0.0,0.0,0.25582653,0.0,0.0,0.0
0.0,0.0,0.0,0.48450243,0.0,0.0,0.0,0.0,0.055118203,0.0,0.0,0.0,0.29323477,0.072894156,0.0,0.0
0.0,0.0,0.0,1.310325,0.0,0.0,0.0,0.0,0.0,0.0,0.0,0.0,0.0,0.0,0.0,0.0
0.0,0.0,0.0,1.9570101,0.0,0.0,0.0,0.0,0.0,0.13144147,0.3602367,0.0,0.0,0.25802708,0.5996728,0.0
0.0,0.0,0.0,0.0,0.0,0.0,0.0,0.0,0.0,0.0,0.0,0.0,0.0,0.1478377,0.0,0.0
0.0,0.0,0.0,0.0,0.0,0.0,0.0,0.0,0.0,0.0,0.0,0.07707876,0.0,0.0,0.40395856,0.0
0.0,0.0,0.0,0.0,0.0,0.0,0.0,0.25500613,0.11108017,0.0,0.0,0.0006659627,0.0,0.0,0.0,0.0
0.0,0.0,0.0,0.0,0.0,0.0,0.0,0.0,0.05256003,0.0,0.0,0.059850276,0.0,0.0,0.0,0.0
0.0,0.0,0.0,0.0,0.0,0.0,0.0,0.0,0.0,0.0,0.0,0.0,0.0,0.0,0.0,0.0
0.37117535,0.0,0.0,0.0257546,0.3288501,0.4779775,0.0,0.33544302,0.45101357,0.17466146,0.0,0.0,0.0,0.08567485,0.2047602,0.0
0.08658031,0.53097796,0.0,0.0,0.0,0.12972462,0.0,0.0,0.0,0.0,0.0,0.0,0.0,0.0,0.0,0.0
0.0,0.011333346,0.17220062,0.0,0.0,0.0,0.0,0.0,0.0,0.0,0.0,0.0,0.0,0.0,0.0,0.0
0.0,0.0,0.662677,0.8451002,0.0,0.0,0.0,0.0,0.0,0.6300686,0.052585423,0.0,0.0,0.0,0.0,0.18433303
0.0,0.0,0.0,0.0,0.0,0.0,0.0,0.0,0.0,0.0,0.0,0.0,0.0,0.0,0.0,0.33319163
0.0,0.0,0.0,0.0,0.0,0.0,0.0,0.0,0.0,0.0,0.0,0.0,0.0,0.0,0.0,0.0
0.0,0.0,0.0,0.0,0.0,0.31563717,0.0,0.0,0.0,0.0,0.0,0.0,0.0,0.0,0.0,0.0
0.0,0.0,0.0,0.0,0.0,0.0,0.0,0.0,0.0,0.0,0.1461693,0.0,0.0,0.07150838,0.0,0.0
0.0,0.0,0.0,0.0,0.0,0.0,0.0,0.0,0.0,0.0,0.0,0.0,0.16715151,0.0,0.0,0.13737828
0.0,0.0,0.0,0.0,0.0,0.0,0.0,0.0,0.0,0.0,0.0,0.0,0.0,0.45933372,0.0,0.0
0.057899058,0.0,0.0,0.0,0.0,0.0,0.0,0.0,0.0,0.0,0.0,0.0,0.0,0.0,0.0,0.0
0.0,0.0,0.0,0.0,0.0,0.0,0.0,0.0,0.0,0.0,0.0,0.0,0.0,0.0,0.0,0.0
0.0,0.0,0.0,0.0,0.0,0.0,0.0,0.0,0.0,0.0,0.0,0.0,0.0,0.0,0.0,0.0
0.0,0.0,0.0,0.0,0.0,0.6885684,0.22740859,0.0,0.0,0.0,0.0,0.0,0.0,0.0,0.0,0.19113755
0.0,0.0,0.0,0.0,0.0,0.13270319,0.037250936,0.101410925,0.28571576,0.013286412,0.010002643,0.055004448,0.0,0.0,0.0,0.28496087
0.0,0.0,0.0,0.0,0.4957947,0.16264391,0.0,0.0,0.0,0.0,0.0,0.0,0.0,0.0,0.0,0.0
0.0,0.40812346,0.30882487,0.31778294,0.0,0.0,0.70483917,0.6111041,0.0,0.16932982,0.35947782,0.2918008,0.24289635,0.5534704,0.29400164,0.034235656
0.0,0.68965,1.1354609,0.76511216,0.0,0.0,0.9749456,0.61801714,0.0,0.0,0.048329443,0.08379361,0.0,0.28509587,0.9030763,0.0
0.0,0.0,1.0662379,0.7529337,0.0,0.0,0.0,0.0,0.0,0.0,0.010026157,0.0,0.0,0.0,0.07041851,0.12266782
0.0,0.0,0.0,0.21734312,0.0,0.0,0.0,0.0,0.0,0.0,0.0,0.0,0.0,0.0,0.0,0.24049288
0.0,0.0,0.0,0.0,0.0,0.0,0.0,0.0,0.0,0.0,0.0,0.0,0.0,0.0,0.0,0.0
0.0,0.0,0.0,0.0,0.0,0.0,0.0,0.0,0.0,0.0,0.0,0.0,0.0,0.0,0.0,0.0
0.0,0.0,0.0,0.0,0.0,0.0,0.0,0.0,0.0,0.0,0.0,0.0,0.0,0.0,0.0,0.0
0.0,0.0,0.0,0.0,0.0,0.0,0.0,0.0,0.0,0.0,0.0,0.1058203,0.0,0.0,0.0,0.0
0.0,0.0,0.0,0.0,0.0,0.0,0.0,0.0,0.0,0.0,0.0,0.0,0.0,0.0,0.0,0.0
0.0,0.0,0.0,0.0,0.0,0.0,0.0,0.0,0.0,0.0,0.0,0.0,0.0,0.0,0.0,0.0
0.0,0.022371888,0.0,0.0,0.0,0.0,0.0,0.0,0.0,0.0,0.0,0.0,0.0,0.0,0.0,0.0
0.0,0.0,0.0,0.0,0.0,0.0,0.0,0.0,0.0,0.0,0.0,0.0,0.0,0.0,0.0,0.0
0.0,0.0,0.0,0.0,0.0,0.0,0.0,0.21338177,0.0,0.0,0.0,0.0,0.0,0.0,0.0,0.0
0.0,0.0,0.0,0.0,0.0,0.0,0.0,0.1618593,0.16231295,0.0,0.0,0.0,0.0,0.0,0.0,0.0
0.0,0.0,0.0,0.0,0.0,0.0,0.0,0.14875484,0.18345395,0.10872728,0.0,0.0,0.0,0.0,0.0,0.0
0.0,0.0,0.0,0.0,0.0,0.0,0.0,0.0,0.0,0.0,0.0,0.0,0.0,0.0,0.0,0.0
0.26167795,0.0,0.0,0.0,0.238338,0.0,0.0,0.0,0.06679126,0.0,0.0,0.034482732,0.05097688,0.0,0.0,0.0
0.21119934,0.0,0.0,0.018323787,1.1205442,0.21858871,0.0,0.0,0.1829258,0.0,0.0,0.0,0.11356157,0.1653749,0.0,0.0
0.23241204,0.0,0.0,0.0,0.46181294,0.0,0.0,0.0,0.0,0.0,0.0,0.0,0.0,0.0,0.0,0.0
0.0,0.0,0.0,0.0,0.0,0.0,0.0,0.0,0.11011812,0.0,0.0,0.0,0.0,0.0,0.0,0.0
0.0,0.0,0.0,0.5595368,0.0,0.0,0.0,0.0,0.0,0.0,0.0,0.0,0.0,0.0,0.0,0.0
0.0,0.0,0.0,0.0,0.0,0.0,0.0,0.0,0.0,0.0,0.0,0.0,0.0,0.0,0.0,0.0
0.0,0.0,0.0,0.0,0.0,0.0,0.0,0.0,0.0,0.0,0.0,0.0,0.0,0.0,0.0,0.0
0.0,0.0,0.0,0.0,0.0,0.0,0.0,0.0,0.0,0.0,0.0,0.0,0.0,0.0,0.0,0.0
0.0,0.0,0.0,0.0,0.0,0.0,0.0,0.0,0.0,0.0,0.0,0.0,0.0,0.0,0.0,0.0
0.0,0.0,0.0,0.0,0.0,0.0,0.0,0.0,0.0,0.0,0.0,0.0,0.0,0.0,0.0,0.0
0.35779715,0.0,0.0,0.0,0.0,0.0,0.0,0.0,0.0,0.0,0.0,0.0,0.0,0.0,0.0,0.0
0.8367473,0.0,0.0,0.0,0.0,0.0,0.0,0.0,0.0,0.0,0.0,0.2722081,0.09816037,0.0,0.0,0.0
0.30840653,0.0,0.6767285,0.0,0.0,0.0,0.0,0.0,0.059814602,0.2494834,0.24791,0.24250373,0.34956002,0.30985838,0.0,0.0
0.059883565,0.0,1.2320293,0.0,0.0,0.0,0.0,0.061111487,0.23490834,0.33677095,0.36111274,0.32988098,0.3052912,0.1757284,0.0,0.0
0.2019701,0.0,0.0,0.0,0.0,0.0,0.13820809,0.099252746,0.17599513,0.078436665,0.0,0.21712843,0.36070162,0.0,0.0,0.0
0.1615781,0.0,0.0,0.0,0.0,0.0,0.13384284,0.22643387,0.34077045,0.24142799,0.12782362,0.364376,0.32043996,0.0,0.0,0.0
0.0,0.05863878,0.20859762,0.14114083,0.0,0.0,0.0,0.41916403,0.0,0.0,0.0,0.0,0.2458484,0.32788047,0.10023746,0.0
0.0,0.0,0.0,0.054430783,0.0,0.0,0.0,0.0,0.0,0.0,0.0,0.0,0.0,0.0,0.36362857,0.0
0.0,0.0,0.0,0.39996243,0.0,0.0,0.0,0.0,0.0,0.0,0.0,0.0,0.08025879,0.0,0.0,0.0
0.0,0.0,0.0,0.0,0.0,0.0,0.0,0.0,0.0,0.0,0.0,0.0,0.0,0.0,0.0,0.0
0.0,0.0,0.0,0.0,0.0,0.0,0.0,0.0,0.0,0.0,0.0,0.0,0.0,0.0,0.0,0.0
0.0,0.0,0.0,0.0,0.0,0.0,0.0,0.0,0.0,0.0,0.0,0.0,0.0,0.0,0.0,0.0
0.0,0.0,0.0,0.0,0.0,0.0,0.0,0.0,0.0,0.0,0.0,0.0,0.0,0.0,0.0,0.0
0.0,0.0,0.0,0.0,0.0,0.0,0.0,0.0,0.0,0.0,0.0,0.0,0.0,0.0,0.0,0.0
0.0,0.0,0.0,0.0,0.0,0.0,0.0,0.0,0.0,0.0,0.0,0.0,0.0,0.0,0.0,0.0
0.0,0.0,0.0,0.0,0.0,0.0,0.0,0.0,0.0,0.0,0.0,0.0,0.0,0.0,0.08306414,0.0
0.0,0.0,0.0,0.0,0.0,0.0,0.0,0.0,0.0,0.0,0.0,0.0,0.0,0.0,0.0,0.0
0.0,0.0,0.0,0.0,0.0,0.0,0.0,0.0,0.0,0.112198204,0.3717542,0.0,0.0,0.0,0.0,0.0
0.0,0.0,0.0,0.0,0.0,0.0,0.8954198,0.8952799,0.7578568,0.26295358,0.10934743,0.13093612,0.0,0.0,0.0,0.0
0.0,0.0,0.0,0.0,0.0,0.0,0.0,0.15999436,0.2903884,0.27307975,0.050932944,0.0,0.0,0.0,0.0,0.0
0.0,0.0,0.0,0.0,0.0,0.0,0.0,0.0,0.0,0.0,0.0,0.0,0.0,0.0,0.0,0.0
0.0,0.0,0.0,0.0,0.0,0.0,0.0,0.0,0.0,0.0,0.0,0.0,0.0,0.0,0.0,0.0
0.29920018,0.0,0.195481,0.23111361,0.0045422465,0.0523704,0.0,0.24290717,0.34269118,0.51454985,0.390557,0.42751518,0.08680399,0.25293818,0.58320594,0.032317907
0.24589363,0.0,0.0,0.0,0.0,0.37715858,0.0,0.26236543,0.0,0.0,0.0,0.0,0.0,0.0,0.3789041,0.0
0.3705467,0.0,0.0,0.0,0.0,0.0,0.0,0.0,0.0,0.0,0.0,0.0,0.0,0.0,0.16361982,0.0
0.0,0.0,0.0,0.0,0.0,0.0,0.0,0.0,0.0,0.0,0.0,0.0,0.0,0.0,0.0,0.0
0.0,0.0,0.23928615,0.0,1.0194693,0.0,0.0,0.0,0.0,0.0,0.0,0.0,0.0,0.0,0.0,0.0
0.0,0.013674051,0.0,0.0,0.0,0.0,0.0,0.0,0.0,0.0,0.0,0.0,0.0,0.0,0.0,0.0
0.0,0.047765642,0.0,0.0,0.3196614,0.0,0.0,0.0,0.630976,0.6256999,0.06916477,0.0,0.0,0.21505973,0.0,0.0
0.0,0.092396006,0.0,0.60026383,0.0,0.053849295,0.0,0.0,1.0720875,0.420787,0.8385817,0.0,0.0,0.0,0.0,0.0
0.24731076,0.0,0.0,0.0,0.0,0.0,0.0,0.0,0.0,0.0,0.0,0.0,0.0,0.0,0.38936245,0.0
0.2905987,0.0,0.0,0.0,0.0,0.0,0.0,0.0,0.0,0.0,0.0,0.0,0.0,0.39730394,0.29229343,0.0
0.3928426,0.0,0.0,0.0,0.0,0.0,0.0,0.5069147,0.0,0.0,0.0,0.0,0.0,0.0,0.0,0.0
0.0,0.0,0.0,0.0,0.0,0.0,0.0,0.0,0.0,0.0,0.0,0.0,0.0,0.0,0.0,0.0
0.0,0.0,0.0,0.0,0.0,0.0,0.0,0.0,0.0,0.0,0.0,0.0,0.0,0.0,0.0,0.0
0.0,0.0,0.0,0.0,0.0,0.0,0.0,0.0,0.0,0.0,0.0,0.0,0.0,0.0,0.0,0.0
0.5492137,0.0,0.0,0.0,0.0,0.15793055,0.47420087,0.38339296,0.40068796,0.6621238,0.38887417,0.08536603,0.45394856,0.009110153,0.0,0.15957499
0.0,0.0,0.0,0.30968782,0.0,0.0,0.0,0.0,0.0,0.0,0.0,0.0,0.0,0.0,0.0,0.0
0.0,0.0,0.0,0.0,0.0044241995,0.0,0.13085598,0.0,0.0,0.0,0.0,0.13766429,0.0,0.0057918876,0.0,0.0
0.0,0.0,0.0,0.0,0.0,0.0,0.22165214,0.41112426,0.0,0.0,0.0,0.0,0.0,0.24802583,0.307588,0.0
0.0,0.0779493,0.04995832,0.3495264,0.25809956,0.0,0.0,0.0,0.0,0.0,0.0,0.0,0.0,0.4871568,0.64797026,0.0
0.0,0.0,0.14144428,0.46082637,0.0,0.0,0.0,0.42116043,0.5090551,0.0,0.0,0.0,0.0,0.0,0.5610804,0.0
0.0,0.0,0.5081966,0.0,0.0,0.0,0.0,0.10848015,0.17279756,0.0,0.0,0.0,0.0,0.0,0.44782862,0.0
0.0,0.0,0.8950893,0.3123024,0.0,0.0,0.0,0.0,0.2598638,0.0,0.0,0.25752768,0.0,0.0,0.0,0.0
0.0,0.0,0.77056813,0.94983196,0.0,0.0,0.0,0.0,1.1268911,0.0,0.0,0.18861455,0.019980252,0.0,0.0,0.00010895729
0.0,0.0,0.0,1.4466841,0.0,0.0,0.0,0.0,1.204809,0.0,0.0,0.0,0.611323,0.0,0.0,0.0
0.0,0.0,0.0,0.5023073,0.0,0.0,0.0,0.0,0.0,0.0,0.0,0.0,0.08683756,0.0,0.0,0.0
0.0,0.0,0.0,0.0,0.0,0.0,0.0,0.0,0.0,0.0,0.0,0.0,0.0,0.0,0.0,0.0
0.0,0.0,0.0,0.0,0.0,0.10320033,0.0,0.0,0.0,0.0,0.0,0.0,0.0,0.0,0.0,0.0
0.0,0.0,0.0,0.0,0.0,0.0,0.0,0.0,0.0,0.0,0.12921074,0.52159226,0.44292906,0.14345819,0.0,0.059165582
0.0,0.0,0.0,0.0,0.0,0.0,0.6320511,0.23904045,0.15458518,0.23071654,0.16369174,0.24259333,0.29829353,0.0,0.0,0.0
0.0,0.4700955,0.0,0.0,0.0,0.0,0.44963285,0.5196011,0.3542665,0.20471919,0.16089518,0.1345613,0.0,0.0,0.0,0.0
0.0,1.0150158,0.0,0.0,0.0,0.5612073,0.16879326,0.56494594,0.50748575,0.39578784,0.34360474,0.24735479,0.0,0.0,0.0,0.26382354
0.0,0.009836778,0.0,0.0,0.0,0.0,0.0,0.0,0.0,0.0,0.0,0.0,0.0,0.0,0.0,0.0
0.0,0.0,0.0,0.0,0.0,0.0,0.0,0.0,0.0,0.18068162,0.2318438,0.0,0.0,0.0,0.010442503,0.0
0.21097007,0.0,0.10108706,0.13558467,0.0,0.0,0.111430764,0.4014916,0.0,0.0,0.0,0.04327151,0.10924242,0.0,0.0,0.0
0.0,0.0,0.0,0.0,0.0,0.27902418,0.0,0.0,0.0,0.0,0.0,0.0,0.0,0.0,0.0,0.0
0.0,0.0,0.0,0.15851817,0.42930666,0.0,0.0,0.0,0.0,0.0,0.0,0.47737995,0.20295623,0.0,0.0,0.0
0.0,0.0,0.0,0.0,0.0,0.0,0.0,0.0,0.0,0.0,0.0,0.0,0.17387223,0.0,0.0,0.0
0.0,0.0,0.0,0.0,0.0,0.0,0.0,0.0,0.0,0.0,0.0,0.0,0.0,0.29113063,0.0,0.0
0.0,0.0,0.0,0.0,0.0,0.0,0.0,0.0,0.0,0.0,0.0,0.0,0.26874077,0.13563876,0.0,0.0
0.0,0.0,0.0,0.0,0.0,0.0,0.0,0.98395437,0.0,0.0,0.1075162,0.36990476,0.0,0.0,0.50692487,0.24937993
0.0,0.0,0.0,0.0,0.0,0.0,0.0,0.8189887,0.0,0.0,0.18968114,0.0,0.0,0.14526714,1.1085858,0.36132264
0.0,0.0,0.0,0.0,0.0,0.0,0.0,0.0,0.0,0.0,0.0,0.5916996,0.0,0.69099486,1.4725735,0.0
0.0,0.0,0.0,0.0,0.0,0.0,0.36880982,1.2784088,0.0,1.349222,0.15388979,0.0,0.46878716,0.50917053,0.0,0.0
0.12436046,0.0,0.0,0.0,0.0,0.0,0.67334706,0.33144158,0.3523801,0.0,0.0,0.0,0.0,0.0,0.0,0.0
0.0,0.0,0.0,0.0,0.0,0.25936192,0.0,0.0,0.0,0.0,0.0,0.0,0.0,0.0,0.0,0.0
0.0,0.0,0.0,0.0,0.0,1.0946014,0.0,0.0,0.0,0.0,0.0,0.0,0.0,0.0,0.0,0.0
0.0,0.0,0.0,0.0,0.0,0.0,0.0,0.0,0.0,0.0,0.0,0.0,0.0,0.0,0.0,0.0
0.0,0.0,0.1371963,0.0,0.0,0.0,0.0,0.0,0.0,0.0,0.0,0.0,0.0,0.0,0.0,0.040568173
0.0,0.0,0.0,0.0,0.0,0.0,0.0,0.0,0.0,0.0,0.0,0.0,0.0,0.0,0.0,0.0
0.06692718,0.0,0.0,0.0,0.0,0.0,0.0,0.0,0.0,0.0,0.0,0.0,0.1610795,0.0,0.0,0.0
0.0,0.0,0.0,0.0,0.0,0.0,0.0,0.0,0.0,0.0,0.0,0.0,0.39630875,1.1643908,0.0,0.0
0.0,0.0,0.9247975,0.0,0.0,0.0,0.0,0.0,0.0,0.0,0.0,0.0,0.0,0.6890226,0.0,0.0
0.0,0.0,1.6361564,0.0,0.0,0.0,0.0,0.0,0.0,0.0,0.0,0.0,0.0,0.0,0.24694663,0.6997761
0.0,0.0,0.0,0.0,0.0,0.0,0.0,0.0,0.0,0.0,0.0,0.0,0.0,0.0,0.0,1.572864
0.0,0.0,0.0,0.0,0.0,0.0,0.0,0.0,0.0,0.0,0.0,0.0,0.0,0.0,0.0,0.7420032
0.0,0.0,0.102679946,0.0,0.0,0.0,0.0,0.0,0.0,0.0,0.0,0.0,0.0,0.0,0.0,0.0
0.0,0.0,0.0,0.0,0.0,0.0,0.0,0.0,0.0,0.0,0.0,0.0,0.0,0.0,0.0,0.0
0.0,0.0,0.0,0.0,0.0,0.0,0.0,0.0,0.0,0.0,0.0,0.0,0.0,0.0,0.0,0.0
0.0,0.0,0.0,0.0,0.0,0.0,0.0,0.0,0.0,0.0,0.0,0.0,0.11492565,0.0,0.0,0.094100095
0.0,0.0,0.0,0.0,0.0,0.0,0.0,0.0,0.0,0.0,0.41102797,0.0,0.0,0.0,0.0,0.8083531
0.0,0.0,0.0,0.0,0.0,0.0,0.6779236,0.0,0.0,0.0,0.0,0.0,0.0,0.0,0.0,0.7121895
0.0,0.26125568,0.0,0.0,0.0,0.0,0.31556928,0.0,0.0,0.0,0.0,0.0,0.0,0.0,0.0,0.69011146
0.0,0.0,0.0,0.0,0.0,0.38565418,0.0,0.0,0.0,0.0,0.0,0.0,0.0,0.0,0.0,1.1117233
0.0,0.0,0.0,0.5943468,0.9617525,0.34733492,0.0,0.0,0.0,0.0,0.0,0.0,0.0,0.0,0.0,1.6577678
0.0,0.0,0.0,0.0,0.0,0.0,0.2192542,0.0,0.0,0.0,0.07949114,0.6113531,0.33163905,0.0,0.0,0.0
0.0,0.0,0.0,0.10894284,0.50444484,0.0,0.0,0.0,0.0,0.0,0.0,0.0,0.0,0.37985402,0.6230756,0.0
0.0,0.0,0.0,0.37351412,0.78280175,0.0,0.0,0.0,0.07140091,0.18777043,0.081855595,0.42470467,0.0,0.0,0.2773798,0.0
0.0,0.0,0.0,0.0,0.97579855,0.25549603,0.0,0.0,0.0,0.0,0.0,0.0,0.19692627,0.21856886,0.29550803,0.0
0.0,0.0,0.0,0.0,0.0,0.0,0.0,0.0,0.0,0.0,0.0,0.0,0.0,0.15910345,0.0,0.0
0.0,0.0,0.0,0.0,0.0,0.0,0.0,0.0,0.0,0.0,0.0,0.0,0.0,0.4490527,0.5552836,0.0
0.0,0.0,0.0,0.94053197,0.0,0.0,0.0,0.0,0.0,0.0,0.0,0.0,0.0,0.0,0.33173496,0.0
0.0,0.0,0.0,0.0,0.19197816,0.0,0.0,0.0,0.3766561,0.31661016,0.0,0.0,0.0,0.0,0.0,0.0
0.0,0.0,0.0,0.0,0.0,0.0,0.0,0.0,0.0,0.0,0.0,0.0,0.0,0.0,0.0,0.0
0.48787147,0.0,0.0,0.0,0.0,0.0,0.0,0.00044953823,0.0,0.0,0.0,0.0,0.05883217,0.0,0.054027975,0.0
0.2741785,0.0,0.0,0.0,0.0,0.0,0.0,0.0,0.0,0.0,0.0,0.0,0.0,0.0,0.0,0.0
0.5208773,0.0,0.0,0.0,0.0,0.0,0.0,0.0,0.09162381,0.44138384,0.0,0.14011589,0.1802639,0.0,0.0,0.0
0.0,0.0,0.008136839,0.0,0.0,0.0,0.0,0.0,0.0,0.0,0.0,0.0,0.0,0.0,0.0,0.0
0.5966299,0.16493604,0.014217764,0.0,0.0,0.0,0.0,0.0,0.0,0.044376433,0.0,0.0,0.0,0.0,0.13956118,0.0
0.0,0.0,0.0,0.0,0.0,0.0,0.0,0.0,0.0,0.0,0.0,0.0,0.0,0.0,0.0,0.0
0.0,0.0,0.8510404,0.0,0.0,0.0,0.0,0.09712854,0.35058126,0.24480021,0.0,0.0,0.0,0.0,0.0,0.0
0.0,0.0,0.0,0.0,0.0,0.0,0.050385475,0.55782497,0.0,0.0,0.0,0.062219217,0.26704207,0.26785454,0.3707465,0.0
0.0,0.0,0.0,0.0,0.0,0.0,0.0,0.17622036,0.0,0.0,0.0,0.29429746,0.03768255,0.0,0.35269523,0.0
0.0,0.0,0.0,0.0,0.0,0.0,0.0,0.0,0.0,0.0,0.0,0.8473232,0.47647882,0.0,0.06061782,0.0
0.0,0.0,0.0,0.0,0.0,0.0,0.0,0.027285352,0.0,0.0,0.0,0.18015891,0.7025793,0.0,0.0,0.0
0.0,0.0,0.0,0.0,0.0,0.0,0.26754397,0.61580443,0.0,0.0,0.0,0.31142923,0.3692153,0.025336131,0.0,0.0
0.0,0.0,0.88599336,0.0,0.0,0.0,0.0,0.57855266,0.0,0.0,0.0,0.21399859,0.0083422065,0.1039041,0.5984311,0.1175684
0.0,0.0,0.6279533,1.0807772,0.0,0.0,0.0,0.22119853,0.0,0.0,0.0,0.018604591,0.0,0.0,0.13215244,0.0
0.0,0.0,0.0,1.3411561,0.0,0.0,0.0,0.0,0.0,0.0,0.0,0.0,0.0,0.0,0.0,0.0
0.0,0.0,0.0,0.47866684,0.0,0.0,0.0,0.0,0.0,0.52303773,0.0,0.0,0.0,0.0,0.0,0.0
0.0,0.0,0.0,0.0,0.0,0.0,0.0,0.0,0.008124262,1.4902711,0.0,0.0,0.0,0.0,0.0,0.0
0.0,0.0,0.0,0.0,0.0,0.6301621,0.0,0.0,0.0,0.65405965,0.0,0.0,0.0,0.0,0.0,0.0
0.0,0.0,0.0,0.0,0.0,0.88103306,0.66961294,0.0,0.0,0.0,0.0,0.0,0.0,0.0,0.0,0.27149117
0.0,0.0,0.0,0.0,0.0,0.0,0.0,0.0,0.0,0.0,0.0,0.0,0.0,0.0,0.0,0.0
0.0,0.0,0.0,0.0,0.0,0.043822333,0.0,0.0,0.0,0.0,0.0,0.0,0.0,0.0,0.0,0.0
0.0,0.0,0.0,0.0,0.0,0.0,0.0,0.0,0.0,0.0,0.0,0.0,0.0,0.0,0.0,0.0
0.0,0.0,0.30509898,0.0,0.0030559152,0.19492996,0.0,0.0,0.0,0.0,0.0,0.0,0.0,0.0,0.0,0.0
0.0,0.0,0.0,0.0,0.26215586,0.27533534,0.12177268,0.46518564,0.89717156,1.1123571,0.811195,0.47390944,0.2356208,0.07153869,0.3130597,0.6626436
0.3342921,0.5507061,0.11637181,0.06373839,0.10284129,0.8156685,0.5908634,1.3391564,1.9164016,0.91796225,0.0,0.09156358,0.088943526,0.0,0.0,0.19277802
0.7849365,0.6460038,0.0,0.0,0.24618393,1.6065886,0.10792464,0.39887154,0.0,0.0,0.0,0.0,0.0,0.0,0.0,0.037661746
0.33145,0.0,0.0,0.83487505,1.0087388,0.0,0.0,0.0,0.0,0.0,0.0,0.0,0.0,0.0,0.0,0.0
0.0,0.0,0.0,0.14575979,0.0,0.0,0.0,0.0,0.0,0.0,0.0,0.0,0.0,0.0,0.0,0.0
0.34686637,0.0,0.0,0.0,0.0,0.0,0.0,0.0,0.0,0.0,0.0,0.0,0.0,0.0,0.0,0.0
0.20700625,0.0,0.0,0.0,0.0,0.0,0.0,0.0,0.0,0.0,0.0,0.0,0.0,0.0,0.0,0.0
0.11349046,0.0,0.0,0.0,0.0,0.0,0.0,0.0,0.0,0.010646686,0.0,0.0,0.0,0.0,0.0,0.0
0.0,0.0,0.0,0.0,0.0,0.0,0.0,0.0,0.0,0.7785165,0.0,0.0,0.0,0.0,0.0,0.28906992
0.0,0.0,0.0,0.0,0.0,0.0,0.0,0.0,0.0,0.0,0.26170093,0.0,0.0,0.40735042,0.7022646,0.6129481
0.0,0.0,0.0,0.0,0.0,0.0,0.0,0.0,0.0,0.0,0.0,0.0,0.0,0.015306935,0.0,0.0
0.0,0.0,0.0,0.0,0.0,0.10863042,0.0,0.0,0.0,0.0,0.0,0.0,0.0,0.0,0.0,0.0
0.0,0.0,0.0,0.0,0.0,0.0,0.0,0.0,0.0,0.0,0.0,0.0,0.0,0.0,0.0,0.0
0.0,0.0,0.0,0.0,0.0,0.0,0.0,0.0,0.0,0.0,0.0,0.0,0.0,0.0,0.0,0.0
0.0,0.0,0.0,0.0,0.0,0.0,0.0,0.0,0.0,0.0,0.0,0.0,0.0,0.0,0.0,0.0
0.0,0.0,0.0,0.0,0.0,0.0034107715,0.23434475,0.25179583,0.27854353,0.29573116,0.0070601106,0.0,0.33370492,0.11890596,0.0,0.0
0.7122872,1.2709941,1.5500269,1.4794879,1.1427938,1.1176311,1.116046,1.3020241,1.2036935,1.0348963,0.894153,0.7052946,0.8626299,1.0018488,0.3154121,1.209857
0.0,0.0,0.0,0.0,0.0,0.0,0.0,0.0,0.0,0.0,0.0,0.0,0.0,0.0,0.0,0.0
0.0,0.0,0.0,0.0,0.0,0.0,0.0,0.0,0.0,0.0,0.07286757,0.48612273,0.023746908,0.0,0.0,0.0
0.0,0.0,0.0,0.0,0.0,0.0,0.0,0.0,0.0,0.0,0.0,0.0,0.46444732,0.0,0.0,0.0
0.0,0.0,0.0,0.0,0.0,0.0,0.0,0.0,0.0,0.0,0.0,0.0,0.025335908,0.41254845,0.0,0.0
0.0,0.0,0.0,0.0,0.0,0.0,0.0,0.0,0.0,0.0,0.0,0.0,0.0,0.8738563,0.0,0.0
0.0,0.0,0.0,0.0,0.0,0.0,0.0,0.0,0.0,0.0,0.0,0.0,0.022141516,0.27296925,0.361871,0.32010552
0.0,0.0,0.0,0.0,0.0,0.0,0.0,0.0,0.038666487,0.0,0.20230204,0.13745627,0.29046708,0.0,0.0,0.53228843
0.0,0.0,0.0,0.0,0.0,0.0,0.0,0.0,0.0,0.0,0.0,0.0,0.0,0.0,0.0,0.23019616
0.0,0.05889213,0.12217191,0.20846573,0.0,0.0,0.0,0.0,0.0,0.0,0.0,0.0,0.0,0.13152444,0.0,0.0
0.0,0.0,0.0,0.0,0.0,0.0,0.0,0.0,0.0,0.3068937,0.0,0.0,0.0,0.0,0.0,0.0
0.0,0.0,0.0,0.0,0.0,0.0,0.0,0.0,0.0,0.0,0.12007412,0.78763103,0.7741792,0.4733914,0.16926596,0.0
0.23773074,0.0,0.0,0.0,0.0,0.0,0.54445755,0.12625825,0.3365845,0.62817734,0.94542074,0.6520134,0.4861509,0.3786843,0.0,0.0
1.4895983,0.29090726,0.0,0.0,0.0,0.40784827,0.8493687,0.40282562,0.46583962,0.49529508,0.4406116,0.28446433,0.0072678924,0.0,0.0,0.0
0.6194588,1.4152027,0.0,0.0,0.0,0.94750154,0.54767525,0.6345736,0.6135116,0.6323564,0.5184294,0.33388612,0.22640353,0.15039656,0.4786966,0.0
0.15860307,1.9933054,3.066058,1.6152653,1.2633659,1.5706979,1.0193282,0.9556732,0.9288255,0.9631051,1.1108366,1.0330105,1.0750616,1.2227497,1.6345522,0.91389775
0.0,0.0,0.0,0.0,0.0,0.0,0.0,0.0,0.0,0.0,0.0,0.0,0.0,0.0,0.0,0.0
0.0,0.0,0.0,0.0,0.0,0.0,0.0,0.0,0.0,0.0,0.0,0.0,0.0,0.0,0.0,0.0
0.0,0.0,0.0,0.0,0.0,0.0,0.0,0.0,0.0,0.0,0.106665924,0.0,0.0,0.0,0.0,0.0
0.0,0.0,0.0,0.0,0.0,0.0,0.0,0.0,0.0,0.0,0.011457209,0.0,0.0,0.0,0.0,0.0
0.0,0.0,0.0,0.0,0.0,0.0,0.0,0.0,0.0,0.0,0.52699965,0.0,0.0,0.0,0.0,0.0
0.0,0.0,0.0,0.0,0.0,0.0,0.0,0.29523253,0.0,0.0,0.26391956,0.0,0.0,0.18423179,0.13017868,0.4872893
0.0,0.0,0.0,0.0,0.0,0.0,0.0,0.0,0.0,0.0,0.7736252,0.0,0.0,0.0012341924,0.56114495,0.0
0.0,0.0,0.0,0.0,0.0,0.0,0.0,0.0,0.0,0.0,0.321557,0.0,0.0,0.0,0.0,0.0
0.0,0.0,0.0,0.0,0.0,0.0,0.0,0.0,0.0,0.0,0.0,0.0,0.0,0.0,0.0,0.0
0.0,0.0,0.0,0.0,0.37710646,0.0,0.0,0.0,0.0,0.0,0.0,0.0,0.0,0.0,0.0,0.0
0.0,0.0,0.0,0.0,1.3358603,0.0,0.0,0.0,0.008988813,0.5386603,0.0,0.0,0.0,0.0,0.0,0.0
0.0,0.0,0.0,0.0,0.0,0.0,0.0,0.0,0.0,0.0,0.0,0.0,0.0,0.2341609,0.53031516,0.03507358
0.0,0.0,0.0,0.0,0.0,0.0,0.0,0.06608606,0.28965396,0.042515136,0.0,0.0,0.0,0.0,0.0,0.0
0.0,0.0,0.0,0.0,0.0,0.0,0.0,0.0,0.0,0.0,0.0,0.0,0.0,0.0,0.0,0.0
0.0,0.0,0.0,0.40685168,0.0,0.0,0.0,0.0,0.0,0.0,0.0,0.0,0.0,0.0,0.0,0.0
0.0,0.0,0.0,0.7942083,0.8228856,0.0,0.0,0.0,0.0,0.0,0.0,0.0,0.0,0.0,0.0,0.12362382
0.0,0.0,0.0,0.0,0.0,0.0,0.0,0.0,0.0,0.0,0.0,0.0,0.0,0.0,0.0,0.0
0.27136093,0.3218866,0.62846226,0.53459436,0.0,0.0,0.0,0.0,0.0,0.4285052,0.0,0.0,0.0,0.4283991,0.07746872,0.0
0.0,0.0,0.0,0.0,0.0,0.0,0.0,0.0,0.0,0.0,0.0,0.0,0.0,0.0,0.0,0.0
0.0,0.25983477,0.0,0.0,0.0,0.0,0.0,0.0,0.0,0.10733315,0.0,0.0,0.0,0.0,0.0,0.0
0.0,1.3516954,0.0,0.0,0.0,0.0,0.0,0.0,0.0,0.5780218,0.0,0.0,0.42657483,0.0,0.0,0.0
0.0,0.82714796,0.0,0.0,0.0,0.0,0.0,0.0,0.0,1.7174747,0.0,0.0,0.66730595,0.0,0.0,0.0
0.018070757,0.0,0.0,0.0,0.4832335,0.0,0.0,0.0,0.0,2.034284,0.0,0.042997003,0.6923169,0.0,0.0,0.0
0.06500724,0.0,0.0,0.0,0.0,0.0,0.0,0.0,0.0,0.21099363,0.0,0.0,0.3575708,0.0,0.0,0.0
0.11907354,0.23017256,0.0,0.7033535,0.0,0.0,0.0,0.0,0.0,0.0,0.0,0.0,0.59426576,0.03477308,0.0,0.0
0.0,0.18422312,0.0,0.7073407,0.0,0.0,0.0,0.0,0.0,0.0,0.0,0.0,0.20158792,0.0,0.0,0.0
0.0,0.0,0.0,0.9391965,0.0,0.0,0.4084834,0.0,0.0,0.0,0.0,0.0,0.35852724,0.31342614,0.0,0.0
0.0,0.0,0.0,0.07337347,0.0,0.39121023,1.0434692,0.0,0.0,0.0,0.0,0.0,0.05316603,0.0,0.0,0.0
0.0,0.0,0.0,0.0,0.0,0.82808596,0.30851302,0.0,0.0,0.0,0.06417078,0.12366626,0.0,0.0,0.0,0.0
0.0,0.08109516,0.0,0.0,0.0,0.84058976,0.119158536,0.13098758,0.2079197,0.1398713,0.10402396,0.21088469,0.08602783,0.0,0.0,0.0
0.0,0.2336527,0.0,0.0,0.0,0.07734153,0.0,0.0,0.0,0.0,0.0,0.0,0.0,0.0,0.0,0.0
0.0,0.99051887,0.26717618,0.0,0.11557451,0.46527132,0.16015427,0.16673833,0.30430698,0.21342467,0.22192796,0.5028907,0.41110796,0.0,0.14043227,0.24320258
0.4437386,0.0,0.0,0.0,0.0,0.0,0.0,0.0,0.0,0.0,0.0,0.4539634,0.65531206,0.1334768,0.0,0.0
0.17375231,0.20601416,0.0,0.0,0.0,1.215653,0.0,0.3869108,0.0,0.0,0.24443087,0.3800271,0.90264755,1.3197689,0.0,0.0
0.0,0.5034629,0.31822175,0.0,0.0,0.0,0.06102419,0.0,0.45533958,1.115612,0.0,0.5817254,0.00010794401,0.5309466,0.9807088,0.0
0.0,0.0004054308,0.18069017,0.31000647,0.0,0.0,0.0,0.0,0.0,0.153106,0.11777201,0.009350628,0.10576242,0.0,0.8986523,0.2563772
0.0,0.0,0.0,0.83661497,0.5742442,0.0,0.0,0.42674842,0.0,0.0,0.0,0.04529071,0.42437148,0.0,0.0,1.272021
0.0,0.0,0.0,0.0,0.0,0.0,0.0033564866,0.0,0.0,0.0,0.0,0.21914208,0.35929775,0.0,0.0,0.0
0.0,0.0,0.0,0.0,0.0,0.0,0.0,0.29918593,0.0,0.0,0.0,0.19629344,0.0,0.3079279,0.0,0.0
0.0,0.0,0.6434932,0.24543592,0.0,0.0,0.0,0.0,0.0,0.0,0.0,0.0,0.08115134,0.0,0.0,0.0
0.0,0.0,0.0,0.3933543,0.030633867,0.0,0.4637141,0.0,0.054338634,0.0,1.7347096,0.0,0.0,0.0,0.0,0.0
0.0,0.0,0.0,0.0,0.0,0.6093921,0.60486925,0.4279768,0.0,1.7841902,0.010797441,0.3379605,0.3183543,0.0,0.0,0.15912303
0.92484474,0.0,0.0,0.0,0.0,0.0,0.10169241,0.0,0.0,0.0,0.7154491,0.065761685,0.0,0.73377675,0.69952446,0.6112653
0.0,0.8470237,0.0,0.0,0.0,0.0,0.0,0.0,0.0,0.27631086,0.19802468,0.0,0.0,0.0,0.0,0.0
0.0,0.0,0.75666326,0.0,0.0,0.0,0.0,0.24136867,0.0,0.0,0.0,0.0,0.0,0.0,0.0,0.0
0.0,0.0,0.06646484,0.0,0.0,0.0,0.0,0.0,0.0,0.0,0.0,0.0,0.0,0.0,0.0,0.0
0.0,0.0,0.0,0.0,0.35133898,0.0,0.0,0.0,0.0,0.0,0.0,0.0,0.0,0.0,0.0,0.0
0.0,0.0,0.0,0.0,0.0,0.0,0.0,0.0,0.0,0.0,0.0,0.0,0.0,0.0,0.0,0.0
0.0,0.0,0.0,0.0,0.0,0.0,0.0,0.0,0.0,0.0,0.0,0.0,0.0,0.0,0.0,0.74251664
0.0,0.0,0.0,0.0,0.0,0.0,0.0,0.0,0.0,0.248358,0.29333007,0.0,0.0,0.0,0.0,1.0647097
0.0,0.0,0.0,0.0,0.0,0.0,0.0,0.0,0.0,0.58400697,0.38805094,0.0,0.0,0.0,0.0,0.89052033
0.0,0.07815564,0.0,0.0,0.0,0.0,0.0,0.11426069,0.0,0.0,0.026149942,0.0,0.0,0.0,0.0,0.7409624
0.0,0.336253,0.0,0.0,0.0,0.0,0.0,0.0,0.0,0.1393871,0.0,0.0,0.0,0.0,0.0,0.5648494
0.70063734,1.0188115,0.0,0.0,1.1757445,0.43055764,0.41728342,0.0,0.0,0.4070854,0.0,0.0,0.0,0.0,0.0,0.47828758
1.2027688,0.83346564,0.0,0.0,0.8029244,0.7647573,0.0,0.0,0.0,0.77096534,0.0,0.0,0.0,0.0,0.0,0.71610904
1.0681334,0.23176907,0.0,0.0,0.42267963,0.111003175,0.0,0.0,0.0,0.0,0.0,0.0,0.0,0.0,0.0,0.61346596
0.7339147,0.12276921,0.0,0.0,0.0,0.0,0.0,0.4238018,0.0,0.0,0.22345965,0.0,0.0,0.0,0.0,0.4709391
0.81493187,0.35421276,0.0,0.015041392,0.0,0.0,0.0,0.0,0.0,0.0,0.0,0.0,0.0,0.0,0.0,0.7333173
0.60375696,0.07147293,0.0,0.0,0.0,0.0,0.0,0.0,0.0,0.0,0.0,0.10290918,0.0,0.0,0.0,1.7454863
0.54281217,0.0,0.0,0.0,0.0,0.43029687,0.0,0.0,0.0,0.44316503,0.6566738,0.0,0.0,0.0,0.0,1.4462626
0.606328,0.0,0.0,0.0,0.0,0.61884326,0.2722956,0.0,0.0,0.0,0.1820967,0.15420398,0.0,0.0,0.0,0.86972946
0.87346625,0.37203836,0.0,0.0,0.23481737,0.23220189,0.0,0.0,0.0,0.025419205,0.0,0.0,0.0,0.1072433,0.0,0.67027557
1.2893636,0.46411863,0.0,0.0,0.29021338,0.36086664,0.0,0.0,0.0,0.0,0.0,0.0,0.0,0.0,0.0,0.19322476
0.7511712,1.6002798,0.0,0.0,0.0,0.2467488,0.0,0.0,0.0,0.034905035,0.0,0.0,0.02405585,0.0,0.1085657,0.44792518
0.0,0.18719526,0.2849437,0.3821794,0.0,0.0,0.053251952,0.48540533,0.4345746,0.07891145,0.120441094,0.11730182,0.27513796,0.35138053,0.4477964,0.17203341
0.0,0.4852826,0.4976225,0.32406658,0.0,0.0,0.0,0.0,0.0,0.0,0.0,0.0,0.0,0.0,0.0,0.10911062
0.0,0.0,0.0,0.0,0.0,0.0,0.0,0.0,0.0,0.0,0.12122923,0.33539033,0.0,0.0,0.0,0.0
0.0,0.0,0.0,0.0,0.0,0.0,0.0,0.0,0.0,0.0,0.0,0.0,0.0,0.0,0.0,0.0
0.0,0.0,0.0,0.0,0.0,0.0,0.0,0.0,0.0,0.0,0.0,0.0,0.0,0.0,0.0,0.0
0.0,0.0,0.0,0.0,0.0,0.0,0.0,0.0,0.0,0.0,0.0,0.0,0.0,0.0,0.0,0.0
0.0,0.0,0.0,0.0,0.0,0.0,0.0,0.0,0.0,0.0,0.0,0.0,0.0,0.0,0.0,0.0
0.0,0.0,0.0,0.0,0.0,0.0,0.0,0.0,0.0,0.0,0.0,0.0,0.0,0.0,0.0,0.0
0.0,0.0,0.0,0.0,0.0,0.0,0.0,0.0,0.0,0.0,0.0,0.0,0.0,0.0,0.0,0.0001823008
0.0,0.0,0.0,0.0,0.0,0.0,0.0,0.0,0.0,0.0,0.0,0.0,0.0,0.029569834,0.26180652,0.09412977
0.0,0.0,0.0,0.0,0.0,0.0,0.0,0.0,0.0,0.0,0.0,0.0,0.0,0.0,0.0,0.0
0.0,0.0,0.0,0.0,0.0,0.0,0.66860056,0.56885505,0.0,0.0,0.0,0.0,0.0,0.0,0.0,0.0
0.0,0.0,0.0,0.0,0.0,0.0,0.0,0.0,0.0,0.0,0.0,0.0,0.0,0.0,0.0,0.0
0.0,0.0,0.0,0.0,0.0,0.0,0.0,0.0,0.0,0.0,0.0,0.0,0.0,0.0,0.0,0.0
0.0,0.0,0.0,0.0,0.0,0.0,0.0,0.0,0.0,0.0,0.0,0.0,0.0,0.0,0.0,0.0
0.0,0.47456396,0.38526723,0.0,0.6982689,0.2682672,0.5011952,0.5448019,0.57840526,0.586565,0.38392928,0.2059413,0.36613524,0.5842638,0.104798526,0.13910604
0.0,0.016502239,0.0,0.0,0.0,0.0,0.0,0.0,0.0,0.0,0.10163915,0.0,0.0,0.0,0.0,0.37863943
0.0,0.0,0.0,0.0,0.0,0.0,0.0,0.047698095,0.17475998,0.47651622,0.03500173,0.0,0.0,0.0,0.0,0.5303479
0.0,0.0,0.10290367,0.0,0.0,0.38135278,0.8137054,1.0446948,0.38999304,0.19532415,0.35819617,0.0,0.16723728,0.25576526,0.0,0.65837145
0.41402215,0.0,0.16099143,0.0,0.0,0.17404641,0.0,0.28471422,0.024678305,0.21890062,0.20739055,0.0,0.0,0.0,0.0,0.8674898
0.06460153,0.0,1.2077777,0.0,0.3245771,0.0,0.8249208,0.0,0.0,0.32984954,0.3887587,0.2890135,0.14069392,0.0,0.0,1.0963616
0.0,0.0,0.0,0.0,0.16757387,0.0,0.0,0.0,0.8529115,0.2885273,0.5881989,0.3952715,0.12890866,0.016172104,0.0,0.65309143
0.0,0.0,0.0,0.33632824,0.64007354,0.030254815,0.27125022,0.0,0.9564942,0.3273809,0.19476852,0.057324365,0.34846357,0.0,0.0,0.5213595
0.0,0.0,0.0,0.34987202,0.8633363,0.27202204,0.67455286,0.25583157,0.0,0.0,0.23731501,0.29168412,0.0,0.21727219,0.0,0.5192745
0.0,0.0,0.0,0.23778313,0.0,1.4495175,0.08616642,0.7519584,0.0,0.68522114,0.4602865,0.8761744,0.25519687,0.0,0.0,0.5718088
0.48517144,0.0,0.0,0.0,0.08217478,0.0,0.45732272,0.0,0.0,0.0,1.2697291,0.7535578,0.0,0.0,0.0,0.1067635
0.2277331,0.0,0.5783597,0.0,0.27580687,0.9230831,0.73390514,0.0,0.0,0.7776797,0.6732475,0.0,0.0,0.29735792,0.0,0.0
0.1420854,0.0,0.0,0.0,0.7175799,0.78590465,0.7656131,0.0,0.0,0.0,0.17116925,0.0,0.0,0.0,0.0,0.0
0.16401637,0.0,0.0,1.2938509,0.8757646,0.3698257,0.0,0.11841634,0.0,0.0,0.0,0.0,0.0,0.0,0.0,0.0
0.31273782,0.0,0.0,1.0554011,0.07515857,0.33751374,0.0,0.0,0.0,0.0,0.0,0.0,0.0,0.0,0.0,0.0
0.17814957,0.0,0.0,0.0,0.0,0.0,0.0,0.0,0.0,0.0,0.0,0.0,0.0,0.0,0.0,0.0
0.10894146,0.0,0.0,0.15624866,0.27677974,0.0,0.0,0.0,0.0,0.0,0.0,0.0,0.0,0.0,0.0,0.0
0.0,0.0,0.0,0.0,0.0,0.0,0.0,0.0,0.0,0.0,0.0,0.0,0.0,0.0,0.0,0.0
0.0,0.5047748,0.0,0.05806622,0.0,0.0,0.0,0.6419248,0.9978329,1.0327895,0.95796764,0.9022187,0.6076701,0.5078334,0.0,0.3085699
0.0,0.0,0.0,0.0,0.0,0.0,0.693412,0.49555656,0.5073642,0.50178003,0.0,0.0,0.0,0.0,0.0,0.0
0.0,0.0,0.0,0.0,0.0,0.0,0.14798889,0.060640812,0.0,0.0,0.0,0.0,0.0,0.0,0.0,0.4514433
0.0,0.0,0.0,0.0,0.0,0.0,0.0,0.0,0.0,0.0,0.0,0.0,0.0,0.0,0.0,1.0608951
0.0,0.0,0.0,0.0,0.0,0.0,0.0,0.0,0.0,0.0,0.0,0.26883018,0.39009953,0.20037806,0.0,0.31566718
0.0,0.0,0.0,0.0,0.0,0.0,0.0,0.0,0.0,0.0,0.13534468,0.47308463,0.61743665,0.08161566,0.0,0.0
0.0,0.0,0.0,0.5140547,0.0,0.0,0.0,0.70351887,0.2841364,0.0,0.034717083,0.021321476,0.0,0.0,0.0,0.0
0.0,0.0,0.0,0.27423224,0.0,0.0,0.0,0.0,0.0,0.0,0.5672259,0.7266794,0.0,0.0,0.0,0.19568375
0.0,0.0,0.0,0.0,0.0,0.0,0.0,0.0,0.0,0.3412794,0.5464536,0.87224746,0.0,0.0,0.0,0.7676893
0.0,0.6530858,0.0,0.0,0.0,0.13029534,2.056196,1.4915818,0.7761071,0.78090334,1.0476954,1.1798131,0.5840565,1.0424969,0.84537387,1.2580786
0.0,1.1288483,0.0,0.0,0.0,0.44307792,1.6171697,1.4185984,1.0935006,0.5117202,0.5705396,0.091721654,0.0,0.13249052,0.0,0.0
0.0,0.4313136,0.0,0.0,0.0,0.09658468,0.0,0.0,0.0,0.0,0.06652844,0.009679675,0.0,0.0,0.0,0.0
0.0,0.0,0.0,0.0,0.0,0.5329885,0.0,0.0,0.0,0.0,0.0,0.0,0.0,0.0,0.0,0.0
0.0,0.0,0.0,0.22168285,0.8464364,0.35080838,0.0,0.0,0.0,0.0,0.0,0.0,0.0,0.0,0.0,0.0
0.0,0.0,0.0,0.0,0.31398296,0.0,0.0,0.0,0.0,0.0,0.0,0.0,0.0,0.0,0.0,0.0
0.19402064,0.8330157,0.49170655,0.42150784,0.8137493,0.95718753,1.3917689,0.61298305,0.5738774,0.32365814,0.53621846,0.49089068,0.5186626,0.35892937,0.20319283,0.42958856
0.57925344,0.30630007,0.36757925,0.30757052,0.3768527,0.4699497,0.4211554,0.0,0.0,0.0,0.04168871,0.0,0.0,0.0,0.0,0.10107686
0.0,0.0,0.2532607,0.6997574,0.0,0.0,0.0,0.0,0.0,0.0,0.5069516,0.0,0.0,0.0,0.0,0.06010373
0.0,0.0,0.0,0.65593106,0.96584827,0.37240025,0.0,0.0,0.0,0.0,0.0,0.0,0.0,0.0,0.0,0.0
0.0,0.0,0.0,0.2496235,0.35449305,0.58636206,0.0,0.0,0.0,0.0,0.0,0.0,0.0,0.0,0.0,0.0
0.0,0.0,0.0,0.0,0.0,0.0,0.0,0.0,0.0,0.0,0.0,0.0,0.0,0.0,0.0,0.0
0.0,0.0,0.0,0.0,0.0,0.0,0.0,0.0,0.0,0.0,0.0,0.0,0.0,0.0,0.0,0.0
0.0,0.0,0.0,0.0,0.0,0.0,0.0,0.0,0.0,0.0,0.0,0.0,0.0,0.0,0.0,0.0
0.0,0.0,0.0,0.0,0.0,0.0,0.0,0.0,0.45965934,0.0,0.0,0.0,0.0,0.30798703,0.06647195,0.0
0.0,0.0,0.0,0.0,0.0,0.0,0.0,0.46561044,0.00057260133,0.0,0.0,0.0,0.0,0.4314386,0.0,0.0
0.0,0.0,0.0,0.0,0.0,0.0,0.0,0.0,0.0,0.0,0.0,0.0,0.0,0.0,0.0,0.0
0.0,0.0,0.0,0.0,0.0,0.0,0.0,0.0,0.0,0.0,0.0,0.0,0.0,0.0,0.0,0.0
0.0,0.0,0.0,0.0,0.0,0.0,0.0,0.0,0.0,0.0,0.0,0.0,0.0,0.0,0.0,0.0
0.0,0.0,0.0,0.0,0.0,0.0,0.0,0.0,0.0,0.0,0.0,0.0,0.0,0.0,0.0,0.0
0.0,0.0,0.0,0.0,0.0,0.0,0.0,0.0,0.0,0.04040998,0.0,0.0,0.0,0.0,0.0,0.0
0.0,0.0,0.0,0.0,0.0,0.0,0.0,0.0,0.0,0.0,0.0,0.0,0.0,0.0,0.0,0.0
0.0,0.0,0.0,0.0,0.0,0.0,0.26095277,0.0,0.0,0.0,0.0,0.0,0.0,0.0,0.0,0.0
0.0,0.0,0.30875173,0.64086527,0.0,0.0,0.0,0.0,0.0,0.0,0.0,0.0,0.12583056,0.0,0.0,0.0
0.0,0.0,0.0,0.12450838,0.0,0.0,0.0,0.0,0.0,0.0,0.4386397,0.0,0.0,0.0,0.0,0.0
0.0,0.0,0.0,0.0,0.0,0.0,0.0,0.158831,0.0,0.0,0.0,0.036378145,0.0,0.0,0.0,0.0
0.0,0.0,0.0,0.0,0.0,0.0,0.0,0.0,0.0,0.0,0.0,0.0,0.0,0.0,0.0,0.0
0.0,0.0,0.0,0.19753617,0.0,0.0,0.0,0.0,0.0,0.0,0.0,0.0,0.0,0.0,0.0,0.0
0.0,0.0,0.0,0.0,0.0,0.0,0.0,0.0,0.0,0.0,0.0,0.0,0.0,0.0,0.0,0.0
0.0,0.0,0.0,0.0,0.0,0.0,0.0,0.0,0.0,0.0,0.0,0.24583551,0.17310792,0.059825182,0.0,0.0
0.0,0.0,0.0,0.0,0.0,0.0,0.0,0.0,0.0,0.0,0.0,0.0,0.0,0.0,0.0,0.0
0.0,0.0,0.0,0.0,0.0,0.0,0.0,0.0,0.0,0.0,0.0,0.0,0.0,0.0,0.0,0.0
0.0,0.0,0.0,0.0,0.0,0.0,0.0,0.0,0.0,0.0,0.0,0.0,0.038454562,0.0,0.0,0.0
0.0,0.0,0.0,0.0,0.14108932,0.0,0.5959384,0.057726473,0.0,0.03221515,0.17129499,0.64583147,0.515634,0.07941276,0.0,0.0
0.31367052,0.0,0.0,0.0,0.0,0.0,0.85630214,0.24088502,0.049770683,0.44966444,0.4325336,0.21371523,0.030086875,0.0,0.0,0.0
0.059703976,0.0,0.0,0.0,0.0,0.08591753,0.38036072,0.19550848,0.2504524,0.36492085,0.5302969,0.2351569,0.0,0.37431738,0.78163576,0.0
0.0,0.0,0.7804246,0.0,0.0,0.5567692,0.19344574,0.061984062,0.0,0.20569935,0.3994109,0.0,0.0,0.574033,0.0,0.0
0.5786943,0.0,1.451693,0.30720693,0.0,0.8953794,0.761238,0.8075327,0.71166503,0.6968807,0.47459894,0.5070995,1.0795422,0.9791538,0.12474364,0.0
0.0,0.0,0.0,0.0,0.0,0.0,0.0,0.0,0.0,0.0,0.0,0.0,0.0,0.08515467,0.0,0.0
0.9501997,0.052930593,0.38493967,0.11455196,0.0,0.0,1.0156274,0.020197526,0.4962885,0.0,0.0,0.0225268,0.0,0.0,0.5475943,0.0
0.5358728,0.0,0.0,0.4049242,0.0,0.887111,0.0,0.0,0.0,0.0,0.0,0.0,0.3327961,0.28148523,0.0,0.0
0.0,0.0,0.0,0.8662042,0.0063856244,0.0,0.0,0.0,0.0,0.32691312,0.0,0.15314177,0.0,0.07210488,0.11305699,0.0
0.0,0.0,0.16052768,0.0,0.0,0.39017472,0.0,0.0,0.0,0.0,0.0,0.28370136,0.24299526,0.0,0.354383,0.0
0.050566368,0.0,0.0,0.0,0.0,0.0,0.0,0.35418665,0.0,0.0,0.0,0.0,0.2458393,0.12519647,0.0,0.0
0.0,0.0,0.0,0.0,0.0,0.0,0.0,0.0,0.0,0.0,0.0,0.0,0.36001176,0.0,0.052068666,0.0
0.0,0.0,0.0,0.0,0.0,0.0,0.20393886,0.0,0.0,0.0,0.0,0.22193232,0.0,0.24810013,0.0,0.0
0.0,0.0,0.0,0.0,0.0,0.0,0.0,0.0,0.0,0.8984763,0.0,0.08781695,0.10646767,0.0,0.306828,0.0
0.0,0.0,0.0,0.8981764,0.0,0.0,0.0,0.0,0.5279758,0.0,1.3788902,0.0,0.0,0.48870313,0.32755542,0.0
0.0,0.0,0.0,0.0,0.0,0.0,0.0,0.0,0.0,0.19708586,0.0,0.0,0.0,0.0,0.0,0.0
0.0,0.0,0.0,0.0,0.0,0.0,0.0,0.0,0.0,0.0,0.0,0.0,0.0,0.0,0.0,0.0
0.0,0.0,0.0,0.0,0.0,0.0,0.0,0.0,0.0,0.0,0.0,0.0,0.0,0.0,0.0,0.0
0.0,0.0,0.0,0.0,0.0,0.0,0.0,0.0,0.0,0.0,0.0,0.0,0.0,0.0,0.0,0.0
0.0,0.0,0.0,0.0,0.0,0.0,0.0,0.0,0.0,0.0,0.0,0.0,0.0,0.0,0.0,0.0
0.0,0.0,0.0,0.0,0.0,0.0,0.0,0.0,0.0,0.0,0.0,0.0,0.0,0.0,0.0,0.0
0.0,0.0,0.0,0.0,0.0,0.0,0.0,0.0,0.0,0.0,0.0,0.0,0.0,0.0,0.0,0.0
0.0,0.0,0.0,0.0,0.0,0.0,0.41775972,0.0,0.0,0.0,0.0,0.0,0.0,0.0,0.0,0.0
0.0,0.0,0.17978609,0.0,0.0,0.0,0.44352147,0.0,0.0,0.0,0.0,0.0,0.0,0.0,0.0,0.0
0.0,0.0,0.45827007,0.0,0.0,0.0,0.0,0.0,0.0,0.0,0.6353669,0.066190094,0.0066477656,0.0,0.0,0.0
0.0,0.0,0.9932453,0.0,0.0,0.0,0.0,0.0,0.0,0.0,0.59390986,0.2676812,0.029251337,0.0,0.0,0.0
0.0,0.8802295,0.0,0.0,0.0,0.50442374,0.0,0.08676937,0.0,0.0,1.7831272,0.53508735,0.18842632,0.008296043,0.0,0.0
0.0,0.7515371,0.0,0.0,0.0,0.0,0.6467135,0.75071025,0.0,0.0,1.8439444,0.22623828,0.0,0.0,0.0,0.0025428832
0.0,1.1903281,0.0,0.0,0.0,0.0,1.0313345,0.28823814,0.0,0.0,1.451352,0.55597484,0.0,0.0,0.0,0.16286308
0.0,0.9226637,0.22242665,0.0,0.0,0.00091320276,0.21632059,0.0,0.0,0.0,0.56071246,0.48912114,0.0,0.0,0.0,0.0
0.0,0.20049939,0.31096306,0.0,0.9128626,0.0,0.01155287,0.0,0.37860405,0.15955514,0.23430751,0.0,0.0,0.0,0.0,0.0
0.0,0.0,0.0,0.0,1.642578,0.292738,0.10887088,0.53921753,0.0,0.0,0.0,0.0,0.0,0.0,0.0,0.0
0.0,0.0,0.0,0.0,1.5273905,0.0,0.0,0.0,0.0,0.0,0.0,0.0,0.0,0.0,0.0,0.0
0.0,0.0,0.0,0.0,0.0,0.0,0.0,0.0,0.0,0.0,0.0,0.0,0.0,0.0,0.0,0.0
0.0,0.0,0.0,0.0,0.0,0.0,0.0,0.0,0.0,0.0,0.0,0.0,0.0,0.0,0.0,0.0
0.0,0.0,0.0,0.0,0.0,0.0,0.0,0.0,0.0,0.0,0.0,0.0,0.0,0.0,0.0,0.0
0.0,0.0,0.0,0.0,0.0,0.0,0.0,0.0,0.0,0.0,0.0,0.0,0.0,0.0,0.0,0.0
