1,16,16,32
0.0,0.0,0.114072025,0.0,0.0,0.0,0.24314475,0.0060992837,0.0,0.0,0.0,0.05059871,0.030668586,0.11685085,0.0066325665,0.23954716
0.06529355,0.0,0.0,0.0,0.0,0.0,1.0391912,0.0,0.0,0.0,0.22209424,0.5088837,0.21775205,0.2522204,0.11351463,0.19803883
0.0,0.33847004,0.2087941,0.0,0.0,0.0,1.3155867,0.0,0.08863467,0.0,0.17435178,0.65467626,0.69945693,0.7501694,0.22155336,0.312948
0.87266654,0.87811553,0.54217917,0.0,0.0,0.0,0.0,0.48201522,0.22921751,0.0,0.88825047,0.42641997,0.5929864,0.8106404,0.04451105,0.55354357
1.1745563,0.2964233,2.3265219,0.0,0.011480451,1.5586625,0.56825686,0.84163094,0.3148483,0.18863082,0.5662035,0.8591449,0.0906398,0.7169056,0.89014983,0.73481214
0.5412071,0.7407086,2.7938876,0.13060051,0.0,1.7756795,0.892969,1.0085015,0.85194004,0.0,0.8869247,0.965196,0.0,0.3818527,0.8765949,0.60922575
0.7423055,1.059942,2.6167884,0.54850435,0.0,0.8218522,0.447527,1.5507706,1.0471969,0.0,1.3086929,0.98337203,0.111293375,0.0,0.7950625,1.0751612
0.58229923,1.1150113,2.5034041,0.8265859,0.00076952577,0.0,1.1511459,0.83285546,0.82820916,0.0,0.96716213,0.7764379,0.06612891,0.17418964,1.0104607,0.8333362
0.575564,0.27413523,2.09265,0.77443993,1.5378921,0.0,1.2792103,0.1871714,0.5048542,0.60386,0.0,0.8289877,0.09897652,0.51102823,0.69779414,0.5907413
0.31888354,0.028669685,1.8931334,0.19519341,0.9374008,1.5234859,0.032892704,0.20564888,1.4904815,0.5938183,0.7918802,0.5448622,0.16145167,0.63091546,0.23323482,0.63119906
0.0,0.681658,1.5087514,0.23966978,2.0158658,1.2943217,0.0,0.44050494,1.594194,1.2957178,0.3328019,0.23327433,0.0,0.35698608,0.4094268,2.3196526
0.0,0.77532375,1.360642,0.0,1.1301936,1.9796739,0.009807527,0.13800362,0.92025524,0.7519201,0.023916185,0.0,0.0,0.09788892,0.2594692,3.227754
0.74814785,0.08653641,0.6748045,0.0,1.817456,1.1604412,0.14516497,0.20929681,0.04544297,0.057077646,0.0,0.0,0.09488177,0.15323621,0.080195785,3.739038
0.82567424,0.58098584,0.00411126,1.5407953,2.089007,0.007995427,0.3399539,0.14793152,0.04236868,0.0,0.0,0.0005003214,0.23070963,0.009085655,0.6310377,3.7342882
0.744329,0.28548405,0.44625008,0.99309057,1.5883133,0.0,0.23314947,0.31744748,0.0,0.0,0.17125218,0.20466313,0.0,0.13490617,1.2588079,2.8132443
0.87922037,0.19246608,0.47391635,0.47471625,0.34405506,0.0,0.0,0.025154889,0.0,0.0039464235,0.38481832,0.21107279,0.0,0.5346532,0.9986167,2.7259946
0.33228993,0.18965371,0.2710892,0.3036586,0.4142717,0.30162752,0.30483228,0.28013867,0.4157744,0.62242657,0.64214885,0.4504066,0.23084083,0.20644933,0.21790594,0.4992724
0.38720715,0.35062003,0.12848386,0.35170543,0.31219447,0.774502,0.5933412,0.8537939,0.8618705,0.5921194,0.5760342,0.63782394,0.5585608,0.38829064,0.47612107,0.60315937
1.2292471,0.4744743,0.649235,0.31194133,0.3344077,0.46213025,1.1146443,0.8028827,0.3393836,0.0,0.0,0.40199536,0.59948146,0.7583819,0.4550938,0.53348327
0.61741614,0.9203044,0.54550326,0.36290824,1.08737,0.41421604,0.22830191,0.26318112,0.35956216,0.3490752,0.12063849,0.11398728,0.20877586,0.6259214,0.23406455,0.6467485
0.25007612,0.57128197,1.0167323,0.87503123,0.27146262,0.89317685,0.12979315,0.2514994,0.17680956,0.0,0.0,0.19034131,0.03244696,0.21734658,0.5413994,0.90402883
0.0,0.09737232,0.65872073,0.7572086,0.0,0.0,0.0,0.05818727,0.32773572,0.0,0.2858593,0.06864389,0.0,0.18857276,0.28537652,0.3802498
0.0,0.30026406,0.5701553,0.3916434,0.0,0.05253332,0.05789207,0.25067845,0.18186021,0.0,0.0,0.059262164,0.0,0.0,0.0,0.88120383
0.0,0.0,0.91870475,0.68938893,0.983592,0.46205616,0.8338006,0.0,0.0,0.0,0.33240205,0.0148911085,0.0,0.058131352,0.0,0.65986305
0.0,0.0,0.7120044,0.78358054,0.99866056,0.0,0.0,0.21782066,0.0,0.6988352,0.2672475,0.40600508,0.051044315,0.0,0.18211117,0.7328455
0.0,0.0,0.42223793,0.0,0.70403576,0.70570356,0.0,0.15577239,0.465558,0.28487968,0.6582651,0.3610744,0.18661427,0.38493317,0.39480734,0.66791433
0.0,0.0,0.0,0.0,0.7850991,1.5443274,0.36839646,0.073548466,0.3103643,0.49984258,0.12865886,0.24320672,0.5311834,1.1516327,1.2615434,1.2317109
0.0,0.09626193,0.15051907,0.0,0.56435394,0.65158427,0.07748148,0.0,0.04180655,0.2584744,0.37488878,0.2421222,0.07823459,0.21776064,0.2648546,0.57472616
0.2082815,0.24824907,0.0,0.32113773,0.22294031,0.0,0.0,0.0,0.0,0.0,0.0,0.0,0.0,0.0,0.0,0.69430935
0.019987894,0.11076789,0.14689176,0.5326072,0.054530904,0.0,0.0,0.0,0.0,0.0,0.0,0.0,0.0,0.0923834,0.054689787,0.25058952
0.0,0.0,0.30556118,0.10674194,0.63838726,0.0,0.0,0.0,0.0,0.0,0.0,0.0,0.0,0.0,0.0,0.4177752
0.0,0.0,0.0,0.0,0.0,0.0,0.0,0.0,0.0,0.0,0.0,0.0,0.0,0.0,0.0,0.25667906
2.331229,0.0,0.0,0.0,0.0,0.0,0.0,0.0,0.03141272,0.0,0.0,0.31320792,0.6570497,0.0,0.0,0.0
0.026379466,0.0,0.0,0.0,0.20372993,2.9593167,0.0,0.20787555,0.20061916,2.4867828,0.9211008,0.0,0.34667295,1.1300917,0.5459166,0.0
0.0,2.2432275,1.629081,0.0,0.0,0.0,2.791751,0.49116486,1.8342216,2.4784737,0.20186108,0.9477952,0.0,0.13165492,1.3420596,0.0
0.48598808,1.483063,1.3081281,0.08376056,0.82413024,2.4013546,2.4078302,0.18943936,0.0,0.99908143,2.1451366,0.09886581,0.9518786,0.0,0.876651,1.3029206
2.1656983,1.5940285,0.0,2.115103,4.296601,0.0,0.0,0.90258676,0.0,2.2100306,1.6752374,0.22789723,0.8287899,0.38498622,0.0,1.597275
0.5993505,1.7127836,0.14619297,0.023990273,2.6240592,1.5834596,2.703377,0.08726245,0.99908835,2.9459965,0.0,0.7539101,0.41230553,0.5272357,0.609528,0.04158348
0.9529355,0.8069964,1.7183354,1.3662624,0.0,3.5945942,1.505091,2.3426614,0.23201305,0.55838066,0.66054934,1.1660311,0.0,1.3229201,0.25485355,0.0
1.0979753,2.0400872,0.17363733,1.4432645,0.0,2.6510234,0.0,1.8037426,1.2779694,0.0,1.1875818,0.0,0.82312876,0.0,1.1702077,0.3308943
1.0991323,1.5614691,1.6692584,2.296891,1.4950876,0.34450465,2.5166316,1.6916871,1.739264,0.0,3.6349676,0.5827308,0.48532528,0.9752216,0.7777676,0.0
1.8950992,0.0,1.621454,0.6033092,2.2514746,0.93670064,3.008369,2.507541,0.0,2.5340693,0.72385186,1.8228331,1.3813114,0.22342533,0.0,0.25034934
2.573163,0.35277778,0.35194546,4.02632,2.6417356,1.5140746,1.1058064,0.6924427,1.6217685,0.96079177,2.8483365,2.0326347,0.0,0.28383166,0.9345352,1.392338
0.7102373,3.0250597,2.4490507,2.123331,0.0,2.562656,0.08984393,0.700018,2.1337633,2.1267211,0.73014456,0.0,0.37037486,0.0,0.46185488,0.094123304
0.22196347,1.204432,4.1926003,1.7690043,2.9115224,4.3110814,0.25765115,0.0,0.0,0.12833029,0.25124604,0.35923797,0.1599136,0.4002629,1.3886929,1.2147195
0.098365605,0.0,2.0739536,2.0384786,2.3963873,0.0,0.3260191,0.06241721,0.0946942,0.083321035,0.0,0.0,0.5974892,1.4449565,0.8078448,1.4372756
0.030988395,0.0,0.0,2.8584795,3.0891197,0.35198122,0.6571929,0.707009,0.31416756,0.10743016,0.0,0.32834798,1.6541195,0.30623013,0.043357372,0.08875793
0.42620295,0.0,0.0,0.0,0.40297467,0.0,0.0,0.0,0.6162345,0.8056676,0.0,0.019218326,0.26351684,0.0,0.7084537,0.81220216
0.4617064,0.33503127,0.44180548,0.5322137,0.7485665,0.6953244,0.4005021,0.5824306,0.7911091,0.5734054,0.0,0.0,0.16938782,0.5431235,0.54587066,0.5284653
0.7359134,0.79625213,0.6041194,0.6307677,0.58915865,1.3883079,2.135107,0.71238077,0.6967089,0.6906489,1.3380901,1.8051003,1.331941,0.2672869,0.54397047,0.6078056
0.39627898,0.3098644,0.6010841,0.65453124,0.690449,1.0287719,0.6281569,1.7168819,0.7491876,0.43658376,0.56702423,0.74514127,0.9956523,0.8712815,0.38113236,0.70720696
1.4261109,1.7769519,1.3691128,0.73934364,1.086884,1.246854,0.93211913,1.0681502,0.7121557,0.35867393,0.86607623,0.7070731,0.09212428,0.57313967,0.35113132,0.12905908
1.7323138,1.5033902,1.5786399,1.1752931,3.4396162,3.8511052,0.78416955,0.73696935,0.699556,0.6427504,1.1881465,1.34965,0.6567267,0.96343327,1.0792941,0.0
0.8095838,0.6516887,1.0097469,1.3992265,1.3354324,0.4001515,0.8882673,1.5777861,1.1540891,1.2705203,1.0049227,0.28459132,0.29384398,0.64732075,1.2089506,0.98048806
1.2087141,0.82876015,1.1601762,0.60201025,1.2238015,0.82466424,0.80459595,1.2472202,0.8150544,1.0172198,0.4867195,1.0183135,1.0089062,0.8044081,0.51325357,0.69021165
1.0417454,0.78522265,1.7547086,0.7156426,1.4782158,1.0966433,2.2778082,0.0,0.39734054,0.52886486,0.13021362,1.2200705,0.59124386,0.23807585,0.17909646,0.2975229
1.0916824,0.8493078,1.2385005,0.8243724,1.4190003,0.9323658,0.9012313,1.1114695,1.0687219,2.7835112,2.0473075,0.0,0.24109542,0.24596572,0.654379,0.67035186
0.059453964,0.5588448,0.58202314,1.4277784,0.95855856,1.9403855,0.7393329,1.0702199,1.5707322,0.0,1.334421,0.23969865,0.6841451,1.1044707,0.61716163,0.47382474
0.08354074,0.7272178,0.8821213,1.4661101,4.7363944,3.4153385,3.055812,1.5031399,2.0964947,2.1118116,1.474317,1.6905731,1.469822,0.8928946,0.8787284,0.93550026
0.39754796,0.34687316,1.1135955,1.4417506,0.7132244,0.19589293,1.1698142,1.1043996,0.41321385,0.09317529,0.29517365,0.33873582,0.26729238,0.53387237,0.3754902,0.30527258
1.5173122,0.776716,0.47750354,0.5082469,0.56461275,0.08150393,0.20601022,0.20051634,0.3306465,0.32424974,0.3919872,0.49040544,0.3988868,0.33675635,0.57586646,0.8754959
0.15868068,0.8735411,0.6073402,0.33358145,0.69031537,0.35678542,0.5560316,0.6092539,0.2037245,0.26107717,0.3291905,0.19939792,0.2141639,0.6188954,0.1963731,0.0
0.37837148,0.16057456,0.8446294,1.408193,0.36882257,0.14531696,0.0,0.61390734,0.70337033,0.697778,0.66307247,0.33278704,0.4315889,0.7746681,1.0155538,0.3317331
0.0,0.21718562,0.0,0.3775425,0.11029744,0.23668277,0.42101538,0.0,0.0,0.0,0.27815282,0.13761747,0.0,0.0,0.0,0.36583936
0.0,0.33038902,0.29999733,0.39993763,0.50033665,1.0862856,0.0,0.140872,1.5411501,1.8483715,1.7292829,0.5549164,0.44881535,0.22127724,0.88156176,3.7804098
0.016497135,0.47318316,0.49720097,0.41640854,0.85353184,1.6766217,0.51134443,1.8419363,2.5853763,2.5304642,2.4057415,0.87783265,0.7357719,0.0,0.848423,3.9166193
2.1043782,0.5519233,0.4482093,0.40585232,0.79485464,2.1683686,1.4867857,2.3636918,2.15161,2.3780274,1.6801577,0.0,0.10478544,0.0,0.010767937,3.9990532
2.3594282,0.0,0.0,1.1180542,2.3275714,2.6530662,2.6279933,2.0861542,1.0484321,0.50015545,0.0,0.22554207,0.47466946,0.0,0.0,3.8475254
1.893399,0.0,0.0,3.0006871,4.0241485,2.5781167,2.1451077,0.6812196,0.5112848,0.0,0.88472986,0.43316412,0.5568485,0.23093891,0.0,3.2816436
2.1003304,0.13512135,0.0,3.4582548,3.841251,0.30537987,0.7832885,0.5546737,0.6695249,0.78183436,1.0989082,0.34634066,0.43123055,0.4089284,0.005273819,1.7347162
1.7103486,0.5852599,0.0,2.9315794,4.0028315,1.3952882,1.8252227,0.65210223,0.92778397,0.91555595,0.35204887,0.400218,0.37602425,0.67016745,0.051971912,0.8643215
1.544507,0.5909691,0.0,2.096423,3.561856,1.9196117,1.9012198,0.0,0.4560156,0.37995958,0.19246054,0.22707129,0.2911992,0.04300928,0.0,2.4642498
2.1225512,0.5177908,0.21082497,0.0,1.6811533,1.8512583,0.0,1.7609322,0.7421708,0.96355486,2.011653,0.108329296,0.10887861,0.0,0.0,3.8566992
1.8244226,0.30717087,0.0,0.3409109,0.37985134,0.64896107,0.58373165,1.8587017,0.64190984,0.6175685,1.7434232,0.7438717,0.7465265,0.0,0.7831321,4.4994373
2.3739405,0.43902874,0.8915088,0.9911938,0.64891505,1.4554467,1.7971988,1.5842972,0.8802984,1.7414804,2.2672036,1.5651338,1.5809972,1.8664281,3.2082043,3.6158772
4.210468,0.29126453,0.7753675,1.3030593,2.1988747,0.97034,0.6619911,0.8365972,1.1828897,2.0235536,1.8781316,1.194499,1.0200355,0.6060281,0.9355056,0.9081001
4.7861767,0.0,0.0,2.0399306,2.0129502,1.0878427,0.4482069,0.33141136,0.52569056,0.4949293,0.48103762,0.28418922,0.19320536,0.61412096,0.4771948,0.4336319
4.9362373,0.0,0.0,1.5416045,1.6029747,0.79467607,0.022986889,0.0,0.29886293,0.34339857,0.6481292,0.07578087,0.03566456,0.8662982,0.6059909,0.0
4.924557,0.0,0.0,0.17975712,0.8874476,0.21844864,0.0,0.0,0.37556124,0.3617735,0.30485725,0.0,0.35229254,0.7896013,0.0,0.0
4.334593,0.0,0.0,0.0,0.26754093,0.0,0.0,0.0,0.039022923,0.16024542,0.0,0.0,0.22538471,0.3508067,0.0,0.0
2.3750355,0.97603726,0.9343082,0.9136567,0.8373591,0.88910925,0.97762096,0.8712269,0.7769822,0.86032736,0.7765269,0.8722291,0.8490038,0.8044406,0.7750137,0.6119369
2.1449473,0.63896275,0.5790242,0.5033071,0.58890426,1.4882615,0.43481946,0.61683095,0.5593765,0.66978776,0.46001697,0.26162845,0.41930795,0.6308063,0.5994321,0.35107815
2.1130593,0.7929673,0.81186116,0.49647737,0.494061,0.86477077,0.0,0.10824591,0.5356395,0.9700458,0.21406466,0.0,0.28177655,0.5606892,0.9488126,0.38132805
1.7646227,1.5741403,1.1414188,0.621022,0.6998534,0.7989614,0.91234446,0.28856808,0.41682398,0.7621293,0.12465471,0.0,0.0,0.076716304,1.0841856,0.79015255
1.8395095,1.3357006,0.33858663,1.2936939,1.8676178,0.7678313,0.4342878,0.0,0.0,1.4643018,0.97925425,0.0,0.17855757,0.0,0.79472375,1.0043918
1.1408767,0.45744205,0.0,0.24351346,0.6046314,0.0,0.585232,0.0,0.013784349,2.2273927,0.76496756,0.0,0.18572134,0.0,0.23513168,0.6040611
1.0771466,0.7734132,0.34782618,0.7566316,0.3077417,0.720536,0.83285844,0.0,0.0,1.3943791,0.0,0.0,0.15006578,0.39239657,0.11793339,0.1988796
1.6438591,0.39734733,0.21436572,0.96895885,0.59609854,1.2716129,0.0,0.0,0.0,0.67276645,0.0,0.0,0.30857414,0.27997357,0.2529359,0.58089924
1.9121568,0.0,0.0,0.6226615,0.08583528,0.0,0.006485224,0.388628,0.6641005,0.34994787,0.009607613,0.0,0.18822509,0.6927221,0.75815666,0.51122344
1.9127104,0.0,0.0,0.5796746,0.0,0.14343464,0.79781294,1.0659357,0.15479618,0.46745825,0.0,0.20361167,0.84202397,0.9699606,0.41115618,0.2538846
2.123809,0.0,0.0,1.8636312,0.63591087,0.58511364,1.1876354,0.48339355,0.0,0.0,0.4215337,0.62445796,0.50659,0.60867906,0.057605505,0.13130158
1.3430028,0.0,0.0,1.1011522,0.0,0.0,0.0,0.0,0.0,0.0,0.010380864,0.0,0.0,0.0,0.0,0.0
0.46823108,0.0,0.8611624,0.9918802,0.0,0.0,0.0,0.0,0.0,0.0,0.0,0.0,0.0,0.0,0.0,0.0
0.3883682,0.0,0.9874245,0.4940294,0.0,0.0,0.0,0.0,0.0,0.0,0.0,0.0,0.0,0.0,0.0,0.0
0.48141158,0.0,0.0,0.0,0.0,0.0,0.0,0.0,0.0,0.0,0.0,0.0,0.10472131,0.0,0.0,0.0
0.4796276,0.0,0.0,0.0,0.0,0.0,0.0,0.0,0.0,0.0,0.0,0.0,0.0,0.0,0.0,0.0
0.22759934,0.2787909,0.34415162,0.29422772,0.28228325,0.22234793,0.2651366,0.29972792,0.31054264,0.25087786,0.2931286,0.24667604,0.28627288,0.26310158,0.28371698,1.3220484
0.031873956,0.08823024,0.100810215,0.12805258,0.13628687,0.05503212,0.8969213,0.07376568,0.18279897,0.20260878,0.2960698,0.29271978,0.09578408,0.0,0.15261565,1.3746958
0.122400716,0.0,0.06482227,0.12386091,0.08693172,0.00037704408,0.77581406,0.4091575,0.23107131,0.0,0.40922534,0.44657183,0.52612346,0.22512214,0.0036841184,1.4512683
1.3442152,0.29578596,0.152519,0.059419557,0.21066348,0.37549603,0.41803688,0.8067746,0.09961589,0.0,0.63785726,0.47913098,0.56724304,0.46973372,0.0,1.5228466
1.4048378,0.18224071,0.6780986,0.041673496,0.620863,1.1718957,0.74678856,0.8255172,0.3164717,0.11789216,0.5530133,0.7884884,0.28361374,0.5474893,0.3635,1.3345348
0.8241267,0.0,0.9961978,0.4455036,0.0,1.112761,0.8080088,1.0195434,0.86798084,0.0,0.7355991,0.93050385,0.046332076,0.54579955,0.60543704,0.9599199
0.6646842,0.6403853,1.093765,0.75593865,0.0,0.4436497,0.6561322,1.2912672,1.0138052,0.0,1.0048909,0.93993306,0.28975058,0.09543376,0.39516902,1.1608046
0.4187885,0.9945655,1.4764189,0.70801634,0.26071614,0.0,0.9669931,0.5582685,0.72005516,0.0,0.810454,0.7638359,0.20310353,0.0,0.38746637,1.467174
0.62939787,0.3964104,1.5529817,0.11342825,0.7932991,0.0,0.6259613,0.27581316,0.38196605,0.44904566,0.0,0.7688124,0.119236335,0.0,0.18637337,1.6542075
0.5362313,0.3039224,1.3482246,0.19007857,0.76033443,0.86546874,0.17211123,0.75910366,1.2099035,0.56770575,0.5014381,0.56999433,0.0,0.0,0.18220524,1.6685541
0.0,0.46285492,1.3203773,0.19669105,1.4973077,1.369833,0.0,0.7240313,1.3843243,0.5042975,0.31736594,0.15941988,0.0,0.0,0.13680248,1.4270035
0.0,0.06624822,1.1232563,0.0,1.4450481,1.5293946,0.011890441,0.053315416,0.3340031,0.39988297,0.07422419,0.0,0.035602167,0.06840901,0.16371353,1.3767989
0.2300344,0.0,0.02435331,0.42199612,2.045818,0.87082446,0.15397213,0.13734768,0.106106624,0.06968494,0.008929417,0.038517192,0.06914829,0.13349347,0.13086288,1.8297062
0.40142488,0.17266662,0.0,1.1504583,2.155926,0.13624625,0.26247543,0.16476242,0.06615503,0.043569192,0.047616437,0.032227144,0.14734463,0.06164135,0.19720204,1.7206709
0.45477825,0.17733766,0.109451726,0.65992606,0.9225881,0.016138867,0.14964117,0.20818372,0.07056837,0.13341396,0.27487785,0.17629133,0.0,0.4560126,0.730719,1.1045421
0.46590757,0.19370253,0.13915087,0.08213206,0.28081304,0.0,0.0,0.0030819476,0.0,0.07119529,0.34308702,0.1972454,0.0,0.5923676,0.78715754,1.1186014
1.3676535,0.0,0.19873744,0.080212295,0.23310494,0.023807764,0.14325446,0.008059144,0.0,0.28330266,0.22647846,0.26785994,0.30107212,0.11765444,0.0,0.0
1.6055542,0.15884715,0.16373646,0.014161944,0.2066744,1.1243389,1.2284027,0.116390884,0.33170414,0.62193525,0.21427941,0.51220477,0.70697165,1.0775033,0.0,0.0
1.346471,1.9866501,0.0,0.23992312,0.0,3.4994369,0.0,1.477624,1.1154511,0.30117917,0.588086,0.42037487,0.7083384,1.4126037,0.87514055,0.11797178
1.8915023,1.4839972,1.8595747,0.02498138,0.21236372,1.6139976,0.30811775,0.12869811,0.62618685,2.3134303,0.20467281,1.2055284,0.9325774,0.14744294,1.6819323,0.0
1.5833651,2.1716309,1.5036494,2.5501037,1.0482005,1.5020634,1.3977476,0.4661541,0.83302426,1.5670084,1.8968059,0.6683438,0.74224186,0.35693908,2.2752113,2.2677402
2.6637878,1.4908942,1.3193265,0.19391322,4.452076,0.16824585,1.0149705,1.8767287,0.11499274,1.8411251,1.6989716,1.1710144,1.2105018,0.6805631,0.0,2.1865058
2.3300672,0.36628926,3.155682,0.1652587,2.287516,1.3411387,2.4406776,0.7438165,1.8930858,0.8523681,2.547359,1.1202612,0.593887,1.0023695,0.077653706,1.077628
2.8129091,2.0567493,2.3082852,1.4086002,2.4810119,1.6210138,4.5862603,0.0,0.69425154,1.2788771,1.855054,0.16705209,0.52642155,0.5908004,0.8384912,0.44081497
2.470375,1.6855391,0.7892041,3.5830798,2.0220761,2.149993,2.642933,0.46341157,1.4708594,1.8853143,2.5239801,0.42406142,0.13224912,1.0804597,1.2183553,0.6016952
4.191847,0.8869417,1.4681693,1.751475,2.1383886,2.9668689,2.2662363,1.5030674,1.959392,2.663463,1.8842338,2.3277488,1.2025915,0.7921971,0.6148344,0.21991503
4.8313637,0.5431956,0.7159443,1.4294149,2.959003,4.8026056,3.381689,2.8683114,0.0,1.3815027,1.4898499,0.7721547,2.4145675,1.6528713,0.72368634,1.2002342
3.9707198,0.7215898,2.0057096,1.0381436,3.514586,1.8598439,0.6612655,0.5088458,0.65138507,0.87301934,0.1899814,0.49612296,0.46094775,0.7412162,0.6640527,1.1396971
1.4015335,2.0630345,2.7970738,0.8324839,3.4502487,0.0,0.44891953,0.43132532,0.25900352,0.29221594,0.4874562,0.36745632,0.7269292,0.47261047,0.5865505,1.3186537
0.8480942,0.13693249,2.7714038,2.4659042,2.568831,0.63337004,0.46919572,0.5216818,0.3026576,0.38518333,0.49082243,0.44374263,0.37252092,0.6540538,0.38444662,2.1997442
0.5652715,0.6354834,0.5664959,4.841857,0.12564456,0.28432357,0.55968857,0.46013308,0.2655486,0.3416977,0.6009172,0.68292797,0.5282979,1.1350988,1.1040393,3.062738
2.817078,0.47965288,0.50687814,1.5944182,0.0,0.0,0.41193998,0.58013034,0.08052999,0.07956141,0.46946597,0.45329344,0.27006185,0.27698684,1.0520002,2.5006285
0.59899724,0.7053168,0.59918237,0.5769628,0.5853075,0.5774908,0.6102643,0.7626728,0.7270247,0.39720237,0.19233441,0.32050788,0.36126995,0.37297583,0.4438187,0.35429263
0.66881883,0.76766706,0.63898015,0.6083684,0.67861915,0.9704046,0.4787315,0.6519469,0.46001744,0.3457272,0.0,0.008662403,0.23983818,0.39448798,0.4024042,0.30927932
0.4954288,0.72341716,0.7352283,0.6600275,0.7348834,1.061205,0.68183815,0.058668375,0.32677996,0.28041255,0.0,0.0,0.0,0.23597294,0.42317307,0.2833203
0.16049701,0.7530625,0.663857,0.69414926,0.5890533,0.46236348,0.53136563,0.0,0.0,0.20340037,0.021498501,0.0,0.0,0.0,0.40278876,0.3859756
0.0,0.0,0.18002594,0.9446676,0.6006533,0.0,0.0,0.0,0.0,0.57106566,0.32247782,0.0,0.0,0.0,0.23479998,0.44003248
0.0,0.035662472,0.23732919,0.8242513,1.102894,0.31270826,0.26698256,0.0,0.0,0.62503636,0.0,0.0,0.0,0.0,0.0,0.0
0.0,0.117207706,0.45878792,0.4946065,0.78031373,0.68279386,0.35850215,0.0,0.0,0.25750244,0.0,0.0,0.0,0.0,0.0,0.0
0.0,0.0,0.0,0.3150928,0.3193642,0.6893966,0.0,0.0062974095,0.0,0.29671776,0.043964267,0.0,0.0,0.0,0.41387343,0.36691964
0.0,0.0,0.0,0.0,0.2872131,0.38101792,0.49847388,0.16192049,0.0,0.17454165,0.566373,0.0,0.03398508,0.25472438,0.41071773,0.22366309
0.40147543,0.0,0.0,0.0,0.0,0.14302438,0.30861712,0.09387261,0.0,0.0,0.0,0.0,0.0,0.33270705,0.37007773,0.5249175
0.6584599,0.0,0.0,0.40467525,0.0,0.0,0.0,0.0,0.0,0.0,0.0,0.0,0.0,0.0,0.0,0.0
0.15025568,0.0,0.0,0.28961122,0.0,0.0,0.0,0.0,0.0,0.0,0.0,0.0,0.0,0.0,0.0,0.0
0.0,0.0052809715,0.5437927,0.47304332,0.0,0.0,0.0,0.0,0.0,0.0,0.0,0.0,0.0,0.0,0.0,0.0
0.0,0.0,0.38035822,0.021664202,0.0,0.0,0.0,0.0,0.0,0.0,0.0,0.0,0.0,0.0,0.0,0.0
0.0,0.0,0.0,0.0,0.0,0.0,0.0,0.0,0.0,0.0,0.0,0.0,0.0,0.0,0.0,0.0
0.0,0.0,0.0,0.0,0.0,0.0,0.0,0.0,0.0,0.0,0.0,0.0,0.0,0.0,0.0,0.0
1.4056735,1.615844,1.6236129,1.6818218,1.698602,1.5262585,1.7112987,1.80352,1.8166585,1.5917099,1.3750243,1.2883704,1.467623,1.460849,1.4601054,1.4441483
0.08995694,0.0,0.016976714,0.016482472,0.01702851,0.8459312,0.30845082,0.0,0.0,0.0,0.0,0.0,0.0,0.0,0.009060085,0.48373497
0.0,0.0,0.0,0.012156785,0.04687977,0.0,0.0,0.0,0.0,0.0,0.12619549,0.062630594,0.2644328,0.0,0.0,0.42746067
0.07968962,0.17567134,0.0,0.0,0.0,0.0,0.08330721,0.17135727,0.04680997,0.0,0.16712356,0.0,0.07513875,0.1479863,0.0,0.37015247
0.49034405,0.46028006,0.06472731,0.0,0.9330778,0.79044163,0.0,0.31082213,0.0,0.0,0.019656897,0.3531922,0.06816274,0.39103925,0.25553143,0.1583879
0.0,0.0,0.14938653,0.33639514,0.0,0.0,0.5062362,0.4360596,0.57963693,0.0,0.21972191,0.0,0.0,0.12319505,0.3112495,0.15687144
0.011082768,0.0,0.0,0.38368046,0.0,0.14528358,0.026486337,0.49812412,0.33340442,0.0,0.0,0.2712177,0.05034387,0.057340503,0.36041892,0.9267552
0.14679956,0.0,0.72195077,0.0,0.04347104,0.046928585,0.17557299,0.0,0.0,0.18634772,0.11582595,0.21174896,0.0,0.0,0.45138764,0.980047
0.0,0.0,0.46706724,0.0,0.3112328,0.0,0.0,0.3665341,0.0,0.23590684,0.0,0.0,0.0,0.45728195,0.65134394,0.54282653
0.0,0.0,0.5330082,0.0,0.03889048,0.08868307,0.0,0.5826597,0.77299297,0.0,0.37642014,0.0,0.42084455,0.6545999,0.6515075,0.5297762
0.0,0.0,0.0,0.048242986,1.4044089,1.0715117,0.2724043,0.0,0.5283971,0.0,0.0,0.023863375,0.0,0.0,0.0,0.0
0.0,0.0,0.25842786,0.47997475,0.0,0.0,0.0,0.0,0.0,0.0,0.0,0.0,0.0,0.0,0.0,0.29317677
0.0,0.0,0.0,0.0,0.0,0.0,0.0,0.0,0.0,0.0,0.0,0.0,0.0,0.0,0.0,0.7340872
0.0,0.0,0.0,0.0,0.07614207,0.0,0.04783964,0.0,0.0,0.0,0.0,0.0,0.0,0.0,0.0,0.0
0.0054380298,0.0,0.0,0.0,0.0,0.0,0.0,0.0,0.0010854602,0.16812217,0.17504191,0.0,0.21293342,0.39196026,0.036801696,0.045367956
0.057253778,0.0,0.0,0.0,0.0,0.0,0.0,0.0,0.0,0.0,0.0,0.047488272,0.0,0.0,0.0,0.15698504
0.03781563,0.0,0.0,0.0,0.0,0.0,0.0,0.0,0.0,0.0,0.008047834,0.0060097203,0.0,0.0,0.0,0.0
0.0,0.0,0.0,0.0,0.0,0.0,0.020431891,0.0,0.32846063,0.43697757,0.8390697,0.7775373,1.0781386,0.27774101,0.0,0.0
0.38445905,0.26027548,0.0,0.0,0.0,1.5631106,0.64917827,1.5198543,1.2467549,0.0,0.0,0.0,0.41261318,0.81040597,0.019377075,0.0
1.359035,1.648227,0.36615288,0.0,0.13054077,0.5658928,0.0,0.0,0.04475206,0.41802007,0.06502103,0.2106204,0.0,0.84736544,0.77056664,0.0
0.0,0.0,0.085247,0.0,0.015849516,0.01042147,0.0,0.15025279,0.4183615,0.97678703,0.0,0.37720045,0.0,0.28089905,1.2762411,0.2685147
0.007887319,0.0,0.0,2.057257,0.985063,0.0,0.0,0.0,0.16961014,0.0,0.0,0.0,0.14770631,0.0,0.91631395,0.98189694
0.087952614,0.32996997,0.573213,0.105852544,0.60951734,0.18499735,0.0,0.0,0.0,0.0,0.024845079,0.013877973,0.34176338,0.0,0.0,0.0
0.0,0.0,0.5416611,0.07128374,0.5507246,0.0,0.7680925,0.21032324,0.0,0.18738985,0.0,0.3028279,0.16730538,0.0,0.0,0.0
0.0,0.0,0.5315877,0.0,0.8588063,1.5260363,0.4980221,0.124261305,0.0,1.8832824,1.1051896,0.37110874,0.6332924,0.47379494,0.0,0.0
0.0,0.0,0.0,0.3083031,0.15892917,0.9997418,0.0,0.0,0.77395326,0.0,1.2566772,0.33456177,0.11696382,0.0,0.0,0.0
0.0,0.0,0.0,0.0,1.1992867,0.7996484,0.0,0.0,0.80019015,1.8238773,1.0116982,0.58833295,0.74546325,0.6808385,0.7295986,0.6220092
1.3799536,0.0,0.0,0.0,1.1341817,1.3769777,1.7701495,1.7245333,0.66460925,0.0432943,0.0,0.04750405,0.019516788,0.10100481,0.0,0.0
2.0004673,1.4289906,0.15538964,0.16814145,0.6871106,0.0,0.0,0.0047895014,0.0026520789,0.008564062,0.025073357,0.0,0.0,0.0,0.0,0.0
0.0,1.4913478,1.1411955,0.26523086,0.0,0.0,0.0,0.0,0.0,0.0,0.1480319,0.13427009,0.25427717,0.28581125,0.6375165,0.5495024
0.0,0.0,2.3809736,2.465201,0.6085459,0.42051694,0.0,0.0,0.06322508,0.0,0.0,0.103933275,0.0,0.07817366,0.91530246,0.39122707
0.0,0.0,0.0,0.52331686,0.09282494,0.5025997,0.68889445,0.40823907,0.10576361,0.0,0.0,0.0,0.0,0.0,0.0,0.36942086
0.2461276,0.20987499,0.12018287,0.12811744,0.28326428,0.36135656,0.0,0.17054176,0.4609385,0.33389837,0.26909,0.18849802,0.19848919,0.13413024,0.34798723,0.36864775
0.19993007,0.19775188,0.18418396,0.18052733,0.26025295,1.0806465,0.16974044,0.359833,0.41064358,1.4499836,1.349731,1.0043442,1.0695163,0.50600535,0.2685442,0.38205647
0.091780186,0.5756752,0.50158465,0.25627506,0.25946677,0.97631156,1.2564073,2.172526,1.9276844,1.3306733,0.19497132,0.09752262,0.40709013,0.39082742,0.42189026,0.38464916
1.06391,1.4821558,0.2818219,0.4176345,0.638314,1.5778495,1.4983829,0.6334534,0.27473527,0.13266218,0.16096783,0.16604221,0.5413837,0.43454808,0.24244964,0.39558995
0.7289053,0.5400117,0.0,1.2443026,1.9660819,1.3747137,0.15754282,0.4342922,0.2098993,1.0288184,0.69863313,0.5342419,0.5609447,0.26796466,0.10287154,0.39524966
0.6100109,0.44212848,0.0,0.373787,1.5815985,0.35551864,0.65306205,0.37807482,0.44775087,0.72701657,0.0,0.5876711,0.33625227,0.2915656,0.19401324,0.3943315
0.8920133,0.64909595,0.35646623,0.38678503,0.9210404,1.4241695,0.7518068,0.28721493,0.008092284,0.2234186,0.5700091,0.81040317,0.6932238,0.6035893,0.17432034,0.0
0.3626505,0.550548,0.3767689,0.76159334,1.3565558,1.0593436,0.69522667,0.67014647,0.6500336,0.3148082,0.41074896,0.78174174,0.44403702,0.0,0.0,0.0
0.39992625,0.3439737,0.4470234,0.4428237,0.6951009,1.2896986,1.4643909,1.1301727,0.710985,1.6518253,2.0944595,0.5989252,0.748289,0.4648348,0.34530038,0.30314314
0.58672553,0.28808522,0.30860972,1.2099563,0.49599302,0.7870523,1.2442003,0.44090152,0.18996751,0.17301476,0.3652979,0.9727826,0.94865155,0.0,0.17688704,0.62550646
0.9864999,0.46781898,0.7993043,1.5566667,1.4663757,1.7771099,1.738265,0.21856487,0.34095573,1.3302529,1.838891,1.5407155,0.84740317,1.5757492,1.734146,1.8484035
0.9681637,0.5541806,0.97576237,0.63067293,0.34423184,2.1686487,1.9643216,1.9435139,1.6920315,1.0976683,0.54583484,0.5974723,0.6840076,0.63954633,0.67121124,0.55319136
1.5145935,0.9981519,1.1283073,0.4073971,2.081154,1.9334038,0.40477628,0.31873316,0.4271071,0.5319172,0.47030586,0.5608511,0.41832626,0.38407618,0.7787561,0.97596025
1.035399,0.51179194,0.5433424,0.5277826,1.6727713,0.44770098,0.43650913,0.3381042,0.24501395,0.22500598,0.43694347,0.38336885,0.6723661,1.2000195,0.55703425,0.55933315
1.137249,0.16905451,0.3979386,1.6048334,1.2263594,0.67532724,0.16437113,0.34720278,0.60948795,0.45274407,0.32109666,0.4858281,0.77350044,0.30263448,0.757798,0.70427495
0.98419976,0.06017351,0.113989115,0.51415414,0.4625305,0.35955024,0.618353,0.21580088,0.17275918,0.16028571,0.15434861,0.12031698,0.0,0.0,0.31489742,0.037629962
0.0,0.0,0.0,0.0,0.0,0.0,0.0,0.0,0.0,0.0,0.0,0.0,0.0,0.0,0.0,0.42379463
0.0,0.0,0.0,0.0,0.0,0.0,0.0,0.0,0.0,0.0,0.0,0.0,0.0,0.0,0.0,0.2775039
0.0,0.0,0.0,0.0,0.0,0.0,0.0,0.0,0.063902974,0.0,0.0,0.0,0.0,0.15225738,0.0,0.23467278
0.014201522,0.13466239,0.0,0.0,0.0,0.0,0.0,0.07865,0.0040022135,0.0,0.0,0.0,0.19346893,0.36419845,0.0,0.2171483
0.0,0.0,0.0,0.0,0.0,0.0,0.0,0.06438351,0.19440758,0.16983432,0.0,0.0,0.035097122,0.2627985,0.36882865,0.18637526
0.03265953,0.0,0.0,0.0,0.0,0.0,0.0,0.0,0.23541975,0.16508067,0.0,0.11305463,0.021631002,0.114868045,0.30951053,0.40883434
0.048457384,0.0,0.0,0.0,0.0,0.0,0.0,0.0,0.0,0.0,0.0,0.13810289,0.06690085,0.0,0.0071638823,0.48629713
0.0,0.0,0.0,0.0,0.0,0.0,0.0,0.0,0.0,0.0,0.0,0.055437088,0.15810984,0.0,0.0,0.2629797
0.0,0.0,0.12852621,0.0,0.0,0.0,0.0,0.0,0.0,0.0,0.0,0.39372528,0.4007817,0.0,0.0,0.16284525
0.0,0.0,0.0,0.0,0.0,0.059682846,0.0,0.0,0.02311337,0.0,0.33233047,0.5794664,0.3400638,0.0,0.0,0.15070492
0.0,0.0,0.0,0.0,0.0,0.0,0.0,0.0,0.025734186,0.31939983,0.5153016,0.46055132,0.24550337,0.0,0.070649385,0.37713927
0.14432561,0.0,0.0,0.0,0.0,0.60062397,0.39894944,0.43122327,0.58430904,0.62206423,0.58073074,0.56288326,0.5329955,0.4852816,0.5708693,0.54607874
0.67543113,0.41327184,0.0,0.0,0.8046863,0.74797815,0.5560685,0.56147,0.6257782,0.67323697,0.63696235,0.59615254,0.46534735,0.5501976,0.4732052,0.3595708
0.7848455,0.7286264,0.3349529,0.0,0.7867205,0.52802277,0.59990263,0.600952,0.60340244,0.581116,0.65305007,0.6179866,0.69254065,0.6591625,0.5973058,0.65920943
0.78909063,0.7776743,0.6208081,0.2725101,0.86590636,0.7403543,0.6163783,0.5458023,0.5128345,0.54709494,0.6848051,0.7015251,0.5994713,0.43643558,0.84038126,0.9103319
1.1359485,1.202227,1.1546088,1.0959102,1.189446,1.1613933,1.1518977,1.1289951,1.0189866,0.93641573,1.1128019,1.0756828,0.8840531,1.0590608,1.3272979,1.1586822
1.1162763,0.1877026,0.06207484,0.0,0.0,0.10114992,0.0,0.0,0.0,0.0,0.0,0.05388981,0.018143892,0.0,0.0,0.0
1.142357,0.21978855,0.08041775,0.0,0.2135396,1.5096638,0.0,0.042013943,0.0,0.50434715,0.15441185,0.094374895,0.2057643,0.18192184,0.023751438,0.0
1.3273528,0.6304388,0.14571124,0.0,0.21392518,1.636847,0.0,0.0,0.49945515,1.5702543,0.21762353,0.0,0.0,0.45250526,0.84599847,0.0
1.3279259,1.2527665,0.44642347,0.13900936,0.19508207,0.76213455,0.81803286,0.04872173,0.13614637,1.4735878,0.2062549,0.033439696,0.0,0.0,0.99393743,0.050679743
1.419916,1.0419071,0.0,2.0911927,2.2786028,0.666373,0.4820573,0.0,0.0,2.3360505,1.0537711,0.0,0.0702675,0.0,1.0683312,0.9487109
1.1574068,1.6344104,0.0,1.779002,3.0556085,0.4033239,0.7962107,0.0,0.0,3.3084352,0.4882657,0.0,0.21435559,0.0,0.024513245,0.5998196
0.40589,1.9309638,0.0,0.0,2.3471003,1.1681587,1.5254769,0.0,0.0,2.9197466,0.0,0.0,0.25220335,0.41614065,0.0,0.0
1.2563099,1.4309592,0.035277665,0.43325585,1.2858984,2.4283926,0.0,0.0,0.0,1.925453,0.0,0.0,0.5375291,0.46496236,0.0,0.0
2.3119314,0.6928291,0.0,0.9258923,0.8536786,1.7689267,0.08586317,0.42168096,0.6128387,0.4260067,0.55885696,0.0,0.542715,0.6815343,0.097047746,0.0
3.2117925,0.13786459,0.0,1.1832604,0.0,0.56600803,1.1332756,1.4248853,0.84421396,0.003694713,0.0,0.10158086,0.9100628,0.647076,0.0,0.0
4.365945,0.12212086,0.0,3.009033,0.0,0.60095507,1.4220699,0.98401994,0.0,0.0,0.25455928,0.41649038,0.7969324,0.48758766,0.07273191,0.1526022
4.1455936,0.8992171,0.0,2.6549706,0.1112836,0.0,0.36924484,0.16559035,0.0,0.22730261,0.28169253,0.31342393,0.31797948,0.2766536,0.036791444,0.07269043
2.2877364,1.3629441,2.2716095,2.6077998,0.0,0.06221509,0.05443573,0.06592351,0.089390874,0.23754448,0.2989292,0.33982188,0.37434632,0.27990812,0.4236494,0.38313222
1.9423254,0.5535681,3.2278337,2.2333503,0.0,0.23482805,0.0,0.075388074,0.22997618,0.24351561,0.23744023,0.30466023,0.053207755,0.7690938,0.57763994,0.0
1.906002,0.07229823,1.4127254,1.6624157,0.0,0.41847488,0.22505164,0.07152343,0.27241698,0.27244273,0.040401757,0.30851474,0.98054856,0.6544194,0.0,0.15654147
1.9850801,0.062351108,0.05147046,0.0,0.0,0.2818143,0.22567791,0.2866832,0.51259536,0.47923115,0.0,0.48540255,1.0582422,0.13053006,0.0,0.0
0.29426786,0.3692251,0.4527513,0.37426612,0.38373056,0.310461,0.36434314,0.4176279,0.45968,0.36656603,0.35559276,0.3250703,0.3541446,0.35331437,0.41367784,1.4533005
0.35599026,0.31084242,0.41171744,0.40361938,0.40099028,0.23237047,0.8771719,0.41892716,0.5067781,0.3688095,0.25113145,0.20437506,0.12608674,0.31996188,0.4003884,1.5343527
0.45025113,0.24039409,0.37598792,0.42455593,0.39733025,0.005677074,1.165159,0.46789828,0.37706056,0.0,0.14900735,0.35489032,0.3519219,0.33329043,0.27924833,1.5903744
1.0718328,0.36824408,0.35396323,0.36156216,0.5532012,0.45414576,0.5408782,0.7405659,0.06074074,0.0,0.68184257,0.42837748,0.5701003,0.5246823,0.0,1.6717609
1.1648004,0.11554107,0.7154802,0.34013543,0.5137265,1.145888,0.58056545,0.7823354,0.22094455,0.0,0.5479239,0.77873313,0.24077162,0.4977272,0.40227905,1.6025504
0.5667553,0.0,1.0393189,0.6067444,0.0,1.1339313,0.78080046,0.8539609,0.7173643,0.0,0.6237265,0.8096578,0.056450695,0.39947906,0.61577535,0.9460274
0.5165049,0.23647043,1.1302832,1.0066112,0.0,0.3911796,0.49414548,1.2392687,0.88871574,0.0,0.9730145,0.8421205,0.08375147,0.07822314,0.28594097,1.3289737
0.3788078,0.6115494,1.5857979,0.8949866,0.50145316,0.0,0.81595147,0.68378055,0.64342463,0.0,0.85135937,0.7009151,0.11870381,0.0,0.35618612,1.5068837
0.42524484,0.08494577,1.4602935,0.27005544,0.8411627,0.0,1.0182955,0.16909441,0.14339271,0.119632035,0.11770931,0.80636823,0.16313455,0.0,0.1968846,1.8171004
0.3747144,0.0,1.3033099,0.0,0.57698834,0.8978174,0.04878369,0.32187125,1.1024595,0.70636487,0.62666,0.6015917,0.0,0.0,0.3977882,1.8411494
0.0,0.1910645,1.182656,0.06617096,1.2828027,0.9742832,0.0,0.21155718,1.2982693,0.52495897,0.43089023,0.16372213,0.0,0.0,0.32463822,1.5867192
0.0,0.0,0.9060646,0.0,1.1649576,1.464652,0.0,0.0,0.37239233,0.3427272,0.0,0.0,0.0,0.0,0.0,1.133741
0.0,0.0,0.0,0.0,1.5610842,1.0512325,0.0,0.0,0.0,0.0,0.0,0.0,0.0,0.0,0.0,1.4060996
0.0,0.0,0.0,0.96990323,1.8996543,0.0,0.0,0.0,0.0,0.0,0.0,0.0,0.0,0.0,0.0,1.4334273
0.0,0.0,0.0,0.4631777,1.1791078,0.0,0.0,0.0,0.0,0.0,0.0,0.0,0.0,0.0,0.21405223,0.87523997
0.043070167,0.0,0.0,0.0,0.0,0.0,0.0,0.0,0.0,0.0,0.0,0.0,0.0,0.065101,0.28143123,0.74850833
1.6251702,0.995196,0.80746615,0.8598397,0.7835791,0.8881842,0.8198075,0.76421046,0.75944746,0.84797513,0.79948723,0.7596514,0.8895577,0.69602466,0.6632315,1.6581702
0.5782026,0.32538664,0.13036633,0.22517806,0.21258515,2.1045742,0.25449103,0.2648567,0.337399,0.69766164,0.6389369,0.22175813,0.0,0.40140587,0.2978087,1.8445966
0.5143976,0.33194065,0.654165,0.26709354,0.09863132,1.2623024,0.8525249,0.10124248,0.43095696,0.50410175,0.5418234,0.41079223,0.37991494,0.0,0.6196016,1.8600271
1.9203286,0.0,0.43167067,0.2288574,0.7093327,0.29472464,1.0648556,0.6515204,0.37027997,0.1767165,1.0573145,0.0,0.500085,0.1327995,0.23807776,1.9594822
2.7872372,0.8007165,0.63769364,0.25053984,2.3392096,1.5183604,0.8116722,0.5769007,0.17747682,0.0,0.9661883,0.95621693,0.36519325,0.5511496,0.017393053,2.372617
3.23179,0.8195838,0.92154205,0.72740304,1.6395082,1.3231884,1.9326751,0.6222131,1.0735065,0.0,1.4743617,0.8851812,0.3895591,0.4107024,0.6758443,1.2842548
3.6302354,1.451436,0.023635626,1.1149851,0.36411083,0.6062101,2.0636845,0.899577,1.458299,0.0,0.97044766,0.7128191,0.0,0.35881287,0.5264014,1.471009
3.581271,1.7866373,1.4624981,1.2448283,0.0,1.5315914,1.3632601,0.15206045,0.6104615,0.0,0.94770885,0.37944943,0.19946122,0.0,0.39519215,1.8281846
3.1666038,0.90128946,2.1212933,1.249657,1.3783022,0.0,0.53754866,0.8228669,0.44322938,0.853117,1.0904602,0.76767933,0.0,0.28770494,0.04697317,2.1199217
2.0093656,0.021624804,1.4409842,0.18830162,0.9582372,1.2221487,0.84171605,1.8421991,0.8619884,0.86590433,0.38062996,0.31106287,0.4940306,0.2232216,0.24514931,2.2363148
1.5050986,0.24641472,0.9045861,0.4143867,2.920322,0.7921976,0.15549058,1.143273,1.5189116,0.7958032,0.27376258,0.5484886,0.11331606,0.04483998,0.5475272,2.2949147
0.26858103,0.6567248,1.1803299,0.4248247,1.037847,0.37540877,0.0,0.0,0.25258088,0.31970197,0.318865,0.0,0.013373077,0.0,0.0076881647,1.8584082
1.4902959,0.0,0.9454224,0.9435079,0.5005599,0.47743046,0.0,0.0,0.0,0.0,0.0,0.0,0.0,0.0,0.1835928,2.4377203
1.3211178,0.0,0.0,2.5924988,0.1786772,0.0,0.1955927,0.0,0.0,0.0,0.0,0.0,0.0,0.0,0.0,2.234677
1.5717709,0.0,0.0,1.5274568,0.21892595,0.0,0.118468285,0.13591963,0.0,0.1284073,0.0,0.0,0.10617453,0.3276826,0.041599095,1.9082267
1.215863,0.0,0.0,0.0,0.044682145,0.0,0.0,0.0,0.0,0.20731908,0.11922574,0.0,0.0,0.27464682,0.0,0.8772987
2.8565788,3.0404606,3.2209153,3.2653148,3.2515163,3.1344228,3.3438709,3.8916304,3.910992,3.258747,2.4618402,2.4778628,2.7842093,2.9111261,3.0350964,2.7875266
0.54554784,0.80197376,0.77752966,0.32712078,0.41447634,0.26766497,0.0,0.0,0.0,0.0,0.0,0.0,0.0,0.0,0.11235845,0.8033033
0.0,0.0,0.20036137,0.4316846,0.6033181,1.0430107,0.2137661,0.0,0.0,0.0,0.23891181,0.37378192,0.0,0.0,0.0,0.78667927
0.0,0.0,0.0,0.2681588,0.08375543,0.0,0.0,0.0,0.0,0.15263426,0.31736195,0.6446194,0.25321376,0.0,0.0,0.57860327
0.0,0.0,0.0,0.0,0.0,0.0,0.0,0.09036535,0.14748555,0.0,0.0,0.0,0.019446135,0.0,0.0,0.0
0.0,0.0,0.0,1.9296327,1.9373302,0.2547899,0.0,0.19882232,0.091655314,0.0,0.0,0.0,0.0,0.0,0.0,0.0
0.010160923,0.0,0.0,1.2514212,2.0484724,0.0,0.0,0.0,0.0,0.0,0.0,0.0,0.0,0.0,0.0,0.33729947
0.0,0.0,0.0,0.0,0.47906604,0.0,0.0,0.17403084,0.16496646,1.3659743,1.2323921,0.07929951,0.22814202,0.12425625,1.4491341,1.4367653
0.0,0.0,0.0,0.0,0.0,0.7175821,0.78818625,0.31206256,0.0,0.8124114,1.0452285,0.18148959,0.47896543,1.0895071,0.7287743,0.71168
0.14306557,0.11489838,0.0,0.0,0.0,0.0734331,0.0,0.0,0.0,0.0,0.0,0.0,0.0,1.6309133,1.6607926,1.2555528
0.0,0.0,0.0,0.0,0.0,0.0,0.0,0.0,0.0,0.0,0.0,0.0,0.0,0.0,0.0,0.0
0.0,0.0,0.0,0.0,0.0,0.0,0.0,0.0,0.0,0.0,0.0,0.0,0.0,0.0,0.0,0.0
0.35199362,0.0,0.0,0.0,0.0,0.0,0.0,0.0,0.0,0.0,0.0,0.0,0.0,0.0,0.0,0.0
0.58182704,0.0,0.0,0.0,0.0,0.0,0.0,0.0,0.0,0.0,0.0,0.0,0.0,0.0,0.0,0.0
0.6505388,0.0,0.0,0.0,0.0,0.0,0.0,0.0,0.0,0.0,0.0,0.0,0.0,0.0,0.0,0.0
3.2064362,3.273313,3.2440085,2.5996742,2.6176748,2.6961136,2.7459617,2.6172547,2.7404828,2.750382,2.741761,2.7973003,2.8674712,3.286096,3.3948596,3.125641
1.507822,0.8666025,1.0518167,0.8665783,0.8046561,0.82007784,0.9583562,0.87719506,0.74274963,0.76543456,0.45584577,0.6841555,0.79159397,0.7662805,0.6803122,0.56539553
0.38895375,0.42683548,0.64878756,0.35076565,0.632224,2.5912912,0.0,0.18089819,0.0,1.1597161,0.8620346,0.0,0.044670105,0.2542236,0.4079085,0.40304297
0.0,0.0,0.49223846,0.3884247,0.41464156,1.168927,0.88913137,1.0142653,1.4031601,2.0726101,0.58206934,1.3126936,0.7255141,0.0,0.38427585,0.3969323
0.0,1.9248052,0.42592746,0.37694377,0.37913495,1.7045095,1.5898943,1.1918149,0.36902398,0.70520157,0.13014251,0.57796675,0.59049124,0.86852914,0.16348165,0.40760165
1.0811524,3.306297,0.0,2.2066903,2.6457758,1.6119905,0.0,0.71519285,0.23781127,2.3930097,0.8775924,0.3883291,0.89494306,0.77409583,0.0,0.0
1.8210878,0.6818015,0.661197,0.5098571,0.22069353,1.0011683,1.4819005,0.77657527,1.023056,3.1739528,0.0,0.72975844,0.82248014,0.64532584,0.82229656,0.0
2.6192548,1.2780795,0.33583778,0.45285493,0.90376276,2.3859346,1.3076236,0.6124081,0.6689773,2.498197,0.08613527,0.82987267,0.70036405,1.2830293,0.94544154,0.5383622
2.1132157,0.6553952,0.24730748,0.11682856,0.99738497,2.7606618,0.0,0.95892566,1.0404177,1.8371644,0.71960217,0.55808705,0.7519899,0.440867,1.8304682,1.4706597
0.61663574,0.43059915,0.32899052,0.8972756,1.0672705,0.0,1.3862579,2.054711,1.3619261,0.640086,2.0244794,0.26128703,0.75704616,1.7324295,1.5374658,0.0038140416
0.632958,0.14908004,0.31934398,0.7875462,0.45510703,1.7112174,2.3648112,1.9930198,0.20765692,1.5959096,0.0,0.88110167,1.7492003,1.5755093,0.12163371,0.26641268
0.3192821,0.15136003,0.0,3.6653607,1.1160874,2.010235,2.2995698,0.0,0.67199224,0.30457646,1.6016338,1.629993,0.08156395,0.0,0.0,0.0
0.0,0.17788404,1.6826651,3.988908,0.0,0.9804463,0.09786892,0.4944908,0.9812791,0.89842635,0.28975153,0.18733758,0.67754406,0.43327516,0.46248716,0.26874083
0.0,0.0,2.685283,1.2866352,1.9949629,2.0497541,0.49966842,0.29109377,0.44363028,0.63289636,0.6181634,0.7072033,0.78667,0.19933385,1.4577844,1.4255977
0.33845764,0.30057454,1.0742073,0.0,1.7271278,0.60989505,0.46248668,0.36125964,0.52523214,0.38518554,0.32546252,0.11747551,0.46968454,1.4783237,1.1197731,0.0
0.26642984,0.5565558,0.2903716,0.037098706,1.2175925,0.43435866,0.54456073,0.6236375,0.80199355,0.6922844,0.35146314,1.0229287,1.7765396,1.3571136,0.0435912,1.3057606
0.4635232,0.5325751,0.30783135,0.09258056,0.34001845,0.3546613,0.030785978,0.016494036,0.41981345,0.7635655,0.28159904,0.90717477,0.8920184,0.0,1.0405204,0.0
0.84406054,0.8525971,0.8647566,0.876437,0.88878906,0.8565118,0.88375264,0.9216064,0.92515004,0.88753116,0.8413983,0.82739663,0.84396833,0.85780156,0.86532825,0.8483736
0.38689497,0.2718592,0.21702385,0.21680516,0.23850435,0.15083247,0.22219384,0.27746883,0.24923956,0.10557121,0.0,0.04071635,0.079006076,0.23946172,0.3424036,0.5476104
0.3333088,0.18919158,0.22956401,0.24716115,0.25947458,0.0,0.0,0.012678623,0.10370433,0.0,0.0,0.0,0.12147677,0.119939566,0.22160137,0.51509297
0.10144782,0.20846933,0.23957169,0.25970584,0.2654053,0.09186977,0.0,0.12660629,0.14358526,0.0,0.0,0.0,0.0,0.2277171,0.15981835,0.48029962
0.0,0.056381583,0.18582082,0.20617992,0.0,0.0,0.0,0.0,0.0,0.0,0.0,0.0,0.0,0.24789512,0.30860713,0.42146617
0.0,0.0,0.0,0.18871766,0.0,0.0,0.0,0.0,0.091759086,0.0,0.0,0.0,0.0,0.01898837,0.28273684,0.48938853
0.0,0.0,0.0,0.19043827,0.0,0.0,0.0,0.0,0.0023644567,0.0,0.0,0.0,0.0,0.0,0.047887325,0.53416777
0.0,0.0,0.0,0.1477533,0.0,0.0,0.0,0.0,0.0,0.0,0.0,0.0,0.0,0.0,0.0,0.50469685
0.0,0.0,0.0,0.0,0.0,0.0,0.0,0.0,0.0,0.0,0.0,0.0,0.0,0.0,0.13836873,0.46704113
0.0,0.0,0.0,0.0,0.0,0.0,0.0,0.0,0.0,0.0,0.0,0.112701416,0.14304918,0.10669118,0.10780281,0.4396794
0.0,0.0,0.0,0.0,0.0,0.0,0.0,0.0,0.0,0.0,0.0,0.045280993,0.0,0.0,0.0,0.28177914
0.0,0.0,0.0,0.0,0.0,0.0,0.0,0.0,0.0,0.0,0.0,0.0,0.0,0.0,0.0,0.026327848
0.0,0.0,0.0,0.0,0.0,0.0,0.0,0.0,0.0,0.0,0.0,0.0,0.0,0.0,0.0,0.0
0.0,0.0,0.0,0.0,0.0,0.0,0.0,0.0,0.0,0.0,0.0,0.0,0.0,0.0,0.0,0.0
0.0,0.0,0.0,0.0,0.0,0.0,0.0,0.0,0.0,0.0,0.0,0.0,0.0,0.0,0.0,0.057557285
0.0,0.0,0.0,0.0,0.0,0.0,0.0,0.0,0.0,0.0,0.0,0.0,0.0,0.0,0.0,0.08637321
0.1065789,0.0,0.0,0.0,0.0,0.0,0.0,0.0,0.0,0.0,0.0,0.0,0.0,0.0,0.0,0.0
0.026756495,0.0,0.0,0.0,0.0,0.0,0.0,0.0,0.10900521,0.0,0.0,0.0,0.08219081,0.0,0.0,0.0
0.22027272,0.4290492,0.0,0.0,0.0,0.5639425,0.0,0.285926,0.0,0.0,0.0,0.0,0.0,0.060077913,0.061042294,0.0
0.0,0.0,0.0,0.0,0.0,0.0,0.0,0.0,0.0,0.45705944,0.0,0.0,0.0,0.0,0.16176029,0.0
0.2906505,0.0,0.0,0.0,0.0,0.0,0.0,0.0,0.0,0.038762495,0.0,0.0,0.0,0.0,0.38221714,0.25183186
0.0814904,0.0,0.0,0.61795396,1.2143624,0.0,0.0,0.0,0.0,0.3029008,0.0,0.0,0.0,0.0,0.0,0.0
0.0,0.0,0.0,0.0,0.17997825,0.0,0.0,0.0,0.0,0.23970053,0.0,0.0,0.0,0.0,0.0,0.0
0.0,0.0,0.0,0.0,0.0,0.844224,0.0,0.0,0.0,0.26809466,0.0,0.0,0.0,0.0,0.0,0.0
0.2562728,0.0,0.0,0.0,0.0,0.4959166,0.0,0.0,0.0,0.40209857,0.5013759,0.0,0.22580183,0.0,0.0,0.0
0.67640346,0.0,0.0,0.06397078,0.0,0.0,0.0,0.0,0.011586815,0.5378093,0.40014172,0.0,0.116100594,0.0,0.0,0.0
0.89121133,0.0,0.0,0.0,0.0,0.0,0.7865521,0.764574,0.06852667,0.0,0.0,0.0,0.0,0.00029344112,0.0,0.0
1.4868829,0.597278,0.0,0.0,0.0,0.5467088,0.796618,0.7035248,0.032141775,0.0,0.0,0.0,0.0,0.0,0.0,0.0
0.27882788,0.52299833,0.027403519,0.0,0.0,0.0,0.0,0.0,0.0,0.0,0.0,0.0,0.0,0.0,0.0,0.0
0.3528801,0.0,1.1620541,1.0163431,0.0,0.0,0.0,0.0,0.0,0.0,0.0,0.0,0.0,0.0,0.18294862,0.17362735
0.35496062,0.0,0.44615334,1.1712835,0.0,0.06941297,0.19028556,0.003257092,0.0,0.0,0.0,0.0,0.0,0.0,0.0,0.0
1.9615622,1.483002,1.4905634,1.3167396,1.1386008,1.106205,1.1243658,0.97512084,1.5471637,1.8605015,1.6192672,1.7008743,2.4311755,2.3320615,1.2995133,1.1737697
0.80601907,0.4442544,0.4744029,0.4443574,0.4037795,0.42574275,0.49867475,0.45983005,0.33696604,0.38745487,0.2784959,0.29453993,0.28663146,0.25727916,0.15987444,0.015742898
0.0,0.012068868,0.0,0.0,0.0,0.9356246,0.0,0.0,0.0,0.058000922,0.02083993,0.0,0.0,0.0,0.0,0.0
0.0,0.0,0.0,0.0,0.0,0.68034387,0.0,0.0,0.027537227,0.4186325,0.18397295,0.0,0.0,0.0,0.0,0.0
0.47397232,0.9105799,0.020017862,0.0,0.0,0.23037398,0.7318523,0.0059762,0.0,0.39945006,0.07697415,0.0,0.0,0.0,0.0,0.0
0.41818523,1.4548471,0.0,0.62071836,1.707283,0.8466623,0.5053388,0.0,0.0,1.0490699,0.748966,0.0,0.0,0.0,0.0,0.0
0.017397046,0.97203374,0.0,0.5589442,0.14114964,0.35983896,0.5361185,0.0,0.0688498,1.9296689,0.7822783,0.0,0.0,0.0,0.0,0.0
0.7005801,1.1896179,0.0,0.0,0.7438979,1.3516104,1.0860958,0.08715725,0.0,1.3292282,0.0,0.0,0.0,0.16414893,0.0,0.0
0.9803922,0.8041825,0.0,0.018782854,0.46000385,1.5497324,0.58563507,0.0,0.0,0.9831412,0.0,0.0,0.0,0.15497553,0.0,0.12360573
0.6467124,0.5059352,0.0,0.09863472,0.48582065,0.360654,0.0,0.4040122,0.11884928,0.66165614,0.30512285,0.0,0.0,0.038166404,0.30234277,0.0
0.46233332,0.39841855,0.0,0.4221735,0.17219651,0.1665597,0.6798475,1.3864486,0.0,0.0,0.27743697,0.0,0.23262227,0.49503946,0.10796702,0.0
1.0399275,0.41352248,0.0,2.5632951,1.274993,1.1836381,1.7994318,1.1325772,0.064339995,0.0,0.02073443,0.14647758,0.22934961,0.0,0.0,0.0
0.8680208,0.4219092,0.009865522,2.3362498,0.6045953,0.0,0.0,0.0,0.0,0.0,0.0,0.0,0.0,0.0,0.0,0.0
0.3442273,0.0,1.5836723,2.1787279,0.0,0.0,0.0,0.0,0.0,0.0,0.0,0.094240904,0.15198708,0.0,0.45227766,0.44009936
0.0,0.0,1.3183947,1.1147583,0.0,0.0,0.0,0.0,0.0,0.0,0.0,0.0,0.0,0.47829688,0.41826093,0.0
0.23512387,0.0,0.15452194,0.0,0.0,0.0,0.0,0.0,0.0,0.08946288,0.0,0.0,0.7632537,0.6871836,0.0,0.0
0.0,0.0,0.0,0.0,0.0,0.0,0.0,0.0,0.0,0.027337313,0.0,0.04491377,0.5742153,0.082589746,0.0,0.0
1.6658214,1.135785,1.1132815,1.0734401,1.1509445,1.0598922,1.2047957,1.1804407,1.0252364,0.9811639,1.0459547,1.0898846,0.9788687,1.045218,0.94140327,0.7599129
1.1604888,0.0,0.0,0.0,0.0,0.0,0.0,0.0,0.0,0.0,0.0,0.0,0.0,0.08350107,0.0,0.0
1.0869414,0.19248906,0.0,0.0,0.0,0.662699,0.0,0.0,0.11786696,0.6126656,0.0,0.05886644,0.3395355,0.72699845,0.51049393,0.0
0.40878782,1.2463641,0.93298775,0.0,0.0,0.0,0.0,0.104302555,0.48663765,1.0146666,0.0,0.0,0.0,0.683138,1.2271249,0.0
0.0,1.4389547,0.8587036,0.0,0.0,0.40912035,0.081257194,0.0,0.0,0.7623898,0.015853584,0.0,0.0,0.0,1.2139387,0.6762762
0.0,0.6063914,0.0,0.73980224,0.48329243,0.0,0.0,0.0,0.0,1.8757496,0.17440966,0.0,0.024404168,0.0,0.68950903,1.0215832
0.096633226,0.7598355,0.27804434,0.0,0.43623203,0.0,0.61216784,0.0,0.0,1.6138698,0.0,0.0,0.21270421,0.050255656,0.3232314,0.314879
0.31124347,0.6054527,0.8607882,0.3869077,0.36668348,0.99778706,0.0,0.0,0.0,1.1432552,0.0,0.0,0.20832223,0.44117817,0.08294064,0.18158798
0.0,0.15187696,0.5892646,0.7650206,0.47281668,0.80995464,0.0,0.0,0.4372229,0.94640625,0.0,0.0,0.33800778,0.36309978,0.3713046,0.071923584
0.46546462,0.0,0.0,0.9431768,0.07154584,0.61260575,0.0,0.31545636,1.1337094,0.38561016,0.2683667,0.0,0.97810847,1.242614,0.32174903,0.0
1.3856472,0.0,0.0,1.1076281,0.0,1.001698,1.229738,0.72501934,0.031815767,0.0122329,0.14752299,0.6880181,0.66192806,0.8773796,0.0,0.0
1.8973271,0.13011861,0.0,1.633079,0.0,0.0,0.142539,0.0,0.0,0.08820397,0.6245141,0.5835585,0.2253189,0.40683806,0.18272386,0.16677716
0.8828541,1.3874398,0.7207035,0.93549365,0.0,0.15298629,0.3242092,0.35336518,0.24266447,0.34971082,0.34247246,0.54640955,0.65717137,0.36906925,0.33688426,0.7707747
0.27529705,0.9992586,2.4041157,0.686903,0.0,0.3002216,0.14666605,0.37764052,0.29198784,0.36309958,0.53539956,0.57782197,0.2718586,0.7438375,1.0118808,0.8070477
0.2785606,0.50221306,1.8431599,1.1280109,0.0028582215,0.43117842,0.40474048,0.27184162,0.38208133,0.3052209,0.2798828,0.450664,0.5873906,0.65786624,0.09796384,0.91160274
0.87115943,0.5631467,0.593645,0.59746385,0.36914057,0.6877696,0.6096475,0.55708265,0.7064875,0.8158921,0.35877815,0.956305,1.2648755,0.37039557,0.410818,0.4892718
0.12875175,0.0,0.1577301,0.0,0.096717715,0.0,0.0,0.1494,0.12644708,0.10347855,0.2934456,0.32001066,0.11858904,0.089930415,0.15079784,0.8318176
0.111315966,0.02513814,0.12957525,0.013378382,0.050041676,0.0,0.21694016,0.057401776,0.9924276,1.0249097,0.58834994,0.39850307,0.39061272,0.1897577,0.0068959,0.8643923
0.02740097,0.8320594,0.027437687,0.13929796,0.12219286,0.9551437,1.8517237,1.2782073,1.5817604,0.0,0.0,0.3154062,0.33715045,0.6581093,0.021774292,0.88475895
0.84860504,1.6340506,0.00940001,0.08265209,0.0,0.83469844,0.52769434,0.113233805,0.02047813,0.0,0.5713252,0.6270549,0.6954181,0.62479997,0.05970514,0.97520494
0.7910948,0.0,0.54013944,0.018425226,0.0,0.0,0.43729794,0.7614956,0.40503156,0.8225688,0.2448268,0.46673417,0.30408585,0.22562945,0.38601518,0.9221164
1.2999728,0.0,0.7236197,0.34788716,0.5331248,1.2445664,0.17210531,0.445454,0.30634606,0.63590944,0.6536131,1.2730885,0.14978671,0.2289933,0.27479482,0.90422404
1.6425276,0.0,2.0250955,0.40327334,0.103663206,1.5743423,0.0,1.121552,0.5259141,0.0,1.2887936,1.1925917,0.26624417,0.31797063,0.0,0.65083694
0.572204,0.42440665,1.4127452,0.37270808,0.43854356,0.0,1.793391,1.1016195,0.9994149,0.0,0.7700399,0.93856144,0.39644182,0.0,0.66240513,0.6504841
0.28689516,0.0,0.9314357,0.0,0.23322141,1.8339138,2.3572412,1.1672256,0.5296577,1.3714306,1.2942231,1.792634,1.0576773,0.4795177,0.50591123,1.0222235
0.28542864,0.07718265,0.84432673,0.55960333,0.24229908,0.7158445,0.08415246,0.0,0.6310965,0.23086011,1.6261866,1.7450998,0.4222473,0.0,0.29490793,1.1483622
0.0,0.22652435,1.418051,0.7254791,0.21118546,0.7022953,0.0,0.3639171,0.69436,1.3583605,1.8107693,0.4785186,0.0,0.19675231,0.3996545,1.1841834
0.047008753,0.6513041,0.6720946,0.0,2.393195,4.0321207,1.3436301,1.9872413,2.1105158,0.79683495,0.0,0.066316724,0.0340966,0.0,0.16629934,0.74993944
0.598542,0.46908665,0.737754,0.0,3.929843,2.332969,0.076114535,0.16934776,0.11829114,0.19187725,0.04098916,0.0,0.0,0.14546204,0.05486858,0.3942895
0.39071882,0.23765564,0.039750814,1.3785138,3.365202,0.07148349,0.22573423,0.11624968,0.0,0.0,0.12687135,0.14234579,0.4273913,0.58143425,0.59227324,1.6465666
0.40177774,0.21701336,0.2322141,1.8569672,2.5237203,0.4705497,0.20906878,0.23031771,0.032531142,0.0,0.07726681,0.32837486,0.29549313,0.0,1.2116997,0.90431404
1.2995298,1.1547909,0.98967195,1.0647552,1.0063875,0.6882843,0.8580991,1.1831405,0.8325087,1.011313,1.4367845,0.97675776,0.60560834,2.1885552,2.2305422,1.7538788
0.16707438,0.0,0.0,0.0,0.0,0.0,0.0,0.0,0.0,0.0,0.0,0.0,0.0,0.0,0.0,0.0
0.0,0.0,0.0,0.0,0.0,0.0,0.0,0.0,0.0,0.0,0.22081321,0.24020398,0.0,0.0,0.0,0.0
0.012331009,0.0,0.0,0.0,0.0,0.0,0.0,0.0,0.089348316,0.33109277,0.21647191,0.28576958,0.2612176,0.0,0.0,0.0
0.62635696,0.37610823,0.0,0.0,0.0,0.0,0.0,0.18915337,0.32158673,0.19168031,0.0,0.0,0.0,0.006695926,0.0,0.0
0.7247181,0.6771251,0.0,0.0,0.0,0.0,0.0,0.0,0.0,0.4676349,0.18002748,0.0,0.065176606,0.16263849,0.099948525,0.0
0.34531903,0.2840736,0.0,0.0,0.0,0.0,0.0,0.0,0.02527523,0.83162457,0.21593428,0.0,0.052015603,0.095131755,0.344541,0.05751002
0.27527666,0.40779436,0.0,0.0,0.0,0.0,0.0,0.0,0.0,0.5061398,0.0,0.0,0.17102808,0.20892996,0.18278688,0.0
0.47706547,0.16043878,0.064738035,0.0,0.0,0.20474976,0.0,0.0,0.0,0.05853015,0.0,0.0,0.16991627,0.19693285,0.0,0.0
0.5964358,0.06486094,0.0,0.1822049,0.0,0.0,0.0,0.0,0.040439963,0.0,0.0,0.0,0.0,0.0,0.0,0.0
0.41708964,0.0,0.0,0.4930934,0.0,0.0,0.12368965,0.24447006,0.0,0.0,0.0,0.21616346,0.4336866,0.0,0.0,0.0
0.84398943,0.0,0.0,0.86633635,0.8240063,0.64374554,0.87744236,0.40762818,0.1589356,0.5150552,1.0424095,1.2284312,1.1902648,0.9285846,0.69540155,0.776621
0.95569754,0.0,0.0,0.7341144,0.0,0.0,0.46844992,0.5126239,0.7380805,0.98931295,1.2481279,1.1653152,1.2174892,1.2129189,1.1137736,1.2246935
1.365204,1.1265813,0.415869,0.29551655,0.0,0.9999556,1.0219202,0.9832083,1.0488694,1.2106113,1.359086,1.4223478,1.3396913,1.1976568,1.5139813,1.5498444
1.3195541,1.417378,1.0790346,0.18984288,0.5633042,1.0703654,1.0947416,1.0737422,1.1267035,1.2520965,1.2624216,1.2612021,1.2960156,1.5769656,1.4905999,0.909241
1.3053496,1.4051793,1.2841401,0.77293444,0.8247232,0.94272995,1.0422612,1.1342304,1.191566,1.2568545,1.1691753,1.2553499,1.584759,1.6577315,1.266798,1.2675515
1.1249523,1.2279704,1.2020453,1.0661397,0.99640334,1.1252913,1.0003643,0.7110176,0.8856467,1.0252357,1.0330299,1.2058059,1.300628,0.9911826,1.1040119,1.2501181
0.0,0.0,0.0,0.0,0.0,0.0,0.0,0.0,0.0,0.0,0.0,0.0,0.0,0.0,0.0,0.0
0.0,0.0,0.0,0.0,0.0,0.0,0.0,0.0,0.0,0.0,0.0,0.0,0.0,0.0,0.0,0.0
0.0,0.0,0.0,0.0,0.0,0.0,0.0,0.0,0.0,0.0,0.0,0.0,0.0,0.0,0.0,0.0
0.0,0.0,0.0,0.0,0.0,0.0,0.0,0.0,0.0,0.0,0.0,0.0,0.0,0.0,0.0,0.0
0.19224644,0.0,0.0,0.0,0.0,0.26116168,0.0,0.0,0.0,0.0,0.0,0.0,0.0,0.0,0.0,0.0
0.483595,0.0,0.0,0.0,0.0,0.3077891,0.0,0.05477202,0.0,0.0,0.30007446,0.061888933,0.0,0.0,0.0,0.0
0.42379248,0.19625413,0.2650839,0.0,0.0,0.0,0.0,0.25105357,0.0,0.0,0.29405105,0.054574847,0.0,0.0,0.0,0.0
0.3752421,0.1572231,0.48889053,0.0,0.0,0.0,0.49813282,0.030193806,0.0,0.0,0.13175428,0.0,0.0,0.0,0.0,0.0
0.4916036,0.2052015,0.58413863,0.0,0.0,0.0,0.0,0.0,0.0,0.0,0.0,0.0,0.0,0.0,0.0,0.0
0.35360909,0.28063726,0.56903076,0.15165627,0.05764854,0.051208615,0.0,0.0,0.35101223,0.0,0.0061297417,0.0,0.0,0.0,0.0,0.0
0.0,0.38139558,0.48476338,0.10213816,0.53886485,0.6397134,0.28359282,0.53444636,0.647948,0.28261137,0.0,0.11296189,0.2774843,0.36894214,0.46318853,0.68469965
0.47932422,0.4963522,0.41146433,0.0,1.2177743,1.2568709,0.5340936,0.55986834,0.5738381,0.4769075,0.5391444,0.57125473,0.625057,0.6256807,0.65970385,0.74417377
0.9788387,0.71011925,0.3900683,0.6206615,1.2741879,0.7986356,0.51936805,0.48483455,0.4363644,0.47217774,0.53361905,0.6278564,0.74199677,0.7702997,0.71471477,1.0177358
0.9993087,0.84936726,0.62081647,0.98481655,1.2146286,0.50372326,0.54765666,0.50082505,0.47752237,0.5707172,0.7372538,0.78027606,0.8416474,0.7650902,1.2245182,1.0235932
1.0659708,0.84195876,0.7317898,0.624226,1.0786692,0.4863013,0.5430964,0.571494,0.46280527,0.59256995,0.70203066,0.7469498,0.59475005,1.0053304,1.1504277,0.82105684
0.94474936,0.77702737,0.694916,0.64059925,0.52766585,0.41998887,0.46075797,0.466879,0.39095032,0.5747566,0.752419,0.58367586,0.45535684,1.1082958,1.1813475,0.7372111
0.210289,0.36263216,0.31203163,0.31591916,0.28758955,0.28767025,0.36490953,0.39012074,0.36745954,0.25636864,0.1850146,0.1075691,0.16520262,0.10724521,0.09836471,0.0
0.07872486,0.30004644,0.24746644,0.2228936,0.17910695,0.9097128,0.488065,0.18694162,0.18296671,0.0,0.0,0.0,0.0,0.0,0.0,0.046131372
0.0,0.12446642,0.20066357,0.2451868,0.19782555,0.66600037,0.31085825,0.0,0.0,0.0,0.0,0.0,0.0,0.0,0.0,0.124082685
0.0,0.0,0.14766657,0.23729014,0.25810587,0.057483673,0.14623952,0.0,0.0,0.0,0.13803089,0.0,0.0,0.0,0.0,0.13321841
0.32771814,0.093180895,0.17739916,0.1793468,1.1266735,0.85153675,0.45370197,0.0,0.0,0.0,0.13553298,0.07118833,0.0,0.0,0.0,0.06960714
0.52951527,0.18345559,0.29395628,0.3876834,0.7601218,0.76693845,0.7951391,0.13748705,0.0,0.0,0.60949516,0.11560929,0.0,0.0,0.0,0.0
0.6547873,0.47668934,0.0,0.36326802,0.20378661,0.33955133,0.93501925,0.3809167,0.0,0.0,0.49442315,0.0,0.0,0.0,0.0,0.0
0.6922772,0.548844,0.12895179,0.2599293,0.0,0.76505184,0.77376056,0.0,0.0,0.021747947,0.32014692,0.0,0.0,0.0,0.0,0.12432659
0.7485789,0.47443593,0.49638748,0.0,0.08976483,0.0,0.0,0.0,0.0,0.0,0.0,0.0,0.0,0.0,0.0,0.25642312
0.5896903,0.28629506,0.4136994,0.0,0.0,0.0,0.0,0.6091416,0.045810223,0.0,0.0,0.0,0.0,0.0,0.14308429,0.28822923
0.51441765,0.33333385,0.40757942,0.21915865,1.1415744,0.380149,0.00016367435,0.6190728,0.32976556,0.0,0.0,0.0,0.0,0.0,0.0,0.0
0.0,0.19277263,0.42413807,0.99223065,1.0615866,0.077088594,0.0,0.0,0.0,0.0,0.0,0.0,0.0,0.0,0.0,0.0
0.0,0.0,0.0,1.0066764,0.6650456,0.0,0.0,0.0,0.0,0.0,0.0,0.0,0.0,0.0,0.0,0.0
0.0,0.0,0.0,0.89979243,0.0,0.0,0.0,0.0,0.0,0.0,0.0,0.0,0.0,0.0,0.0,0.0
0.0,0.0,0.0,0.0,0.0,0.0,0.0,0.0,0.0,0.0,0.0,0.0,0.0,0.0,0.0,0.0
0.0,0.0,0.0,0.0,0.0,0.0,0.0,0.0,0.0,0.0,0.0,0.0,0.0,0.0,0.0,0.0
0.0860759,0.0,0.0,0.0,0.0,0.0,0.0,0.0,0.0,0.0,0.0,0.0,0.0,0.0,0.0,0.0
0.01964289,0.0,0.0,0.0,0.0,0.0,0.0,0.0,0.0,0.0,0.0,0.0,0.012160778,0.0,0.0,0.0
0.19667757,0.0,0.0,0.0,0.0,0.0,0.25261497,0.20435804,0.4149047,0.26800254,0.0,0.0,0.0,0.0,0.0,0.018456876
0.6973826,0.0,0.0,0.0,0.0,0.0,0.0,0.0,0.0,0.0,0.10591692,0.0,0.13453406,0.0,0.0,0.0862965
0.6732579,0.0,0.0,0.0,0.0,0.0,0.0,0.0033640862,0.0860247,0.14870375,0.5434308,0.0,0.0,0.0,0.0,0.40491235
0.9680245,0.028506458,0.0,0.0,1.4622437,0.63172436,0.23744756,0.0,0.0,0.0,0.0,0.0,0.0,0.0,0.0,0.3580702
0.9842634,0.25532064,0.0,0.0,0.68874407,0.5707346,0.028772175,0.0,0.0,0.0,0.0,0.0,0.0,0.0,0.0,0.031636953
0.89569175,0.0,0.0,0.0,0.0,0.0,0.0,0.31494665,0.1748609,0.16676813,0.08799428,0.1028204,0.0,0.0,0.0,0.08636218
0.945223,0.0,0.0,0.0,0.0,0.40627432,1.026862,0.3603008,0.0,0.0,0.50640434,0.2868372,0.32731515,0.1973077,0.0,0.091882825
0.7975886,0.0,0.0,0.19563925,0.38233554,0.0,0.35473022,0.0,0.0,0.0,0.0,0.5074347,0.055215836,0.0,0.0,0.0
0.49137202,0.0,0.013965726,0.07277721,0.14751524,0.1200012,0.0,0.0,0.0,0.3767855,0.6220764,0.3067051,0.042211533,0.0,0.0,0.0
0.62215126,0.35207778,0.0,0.0,0.0,1.0577887,0.9994372,1.1084529,1.0192477,0.34480694,0.0,0.068357885,0.124195695,0.009762466,0.055234432,0.0
0.6223655,0.54630053,0.47903633,0.11852813,0.61926556,0.81508756,0.015852809,0.118329525,0.065583706,0.059731364,0.03809941,0.050657153,0.040456355,0.0,0.006521225,0.053642154
0.49564034,0.16791707,0.26311195,0.6456653,0.3621761,0.02359283,0.12804425,0.081439674,0.063619316,0.04850483,0.05424249,0.14602911,0.15360904,0.26126656,0.111444175,0.55214804
0.6170034,0.15970224,0.39304656,0.9527952,0.69198173,0.28831273,0.10997689,0.0,0.21852714,0.13969618,0.08454692,0.080272496,0.17399496,0.0,0.40316963,0.31451267
0.5149275,0.44858402,0.46808022,0.29856104,0.29084694,0.25234663,0.38442585,0.62999046,0.63133806,0.37023312,0.33970764,0.26809233,0.29950288,0.5847306,0.6079179,0.37039196
1.0831211,1.1232783,1.1004884,1.0289043,1.019979,1.0996977,1.1060638,0.9732269,0.91916704,1.0795465,1.1645623,1.1570864,1.069774,0.997602,0.90755904,0.8284577
0.14204472,0.0,0.0,0.0,0.0,0.37951118,0.5390559,0.31249896,0.29540524,0.19189683,0.58327264,0.5074978,0.15645725,0.048963726,0.07354978,0.0
0.34407204,0.26576018,0.0,0.0,0.0,0.0734317,0.2420285,0.17425787,0.16711509,0.32807815,0.4779842,0.59878397,0.5675262,0.3343436,0.048966467,0.06810829
0.51400083,0.558521,0.39352828,0.0,0.2729319,0.15366673,0.39740837,0.48440975,0.49022385,0.087227345,0.0,0.0,0.05401963,0.2342262,0.17976901,0.0
0.55322796,0.931773,0.76935685,0.1958214,1.3728831,1.2839336,0.48432356,0.06296843,0.01895082,0.0,0.07767773,0.28212374,0.1383869,0.37305254,0.36510536,0.0007278919
0.00097358227,0.39999107,0.20439586,0.0,0.0,0.0,0.0,0.065054506,0.28312194,0.28086776,0.42403427,0.11374876,0.06445527,0.20841011,0.4962753,0.34958574
0.0,0.0,0.081082106,0.0,0.0,0.0,0.13374102,0.18574065,0.34936327,0.33147785,0.0,0.0,0.0,0.034928143,0.30361524,0.32182476
0.11135197,0.0,0.6165821,0.54502934,0.14125153,0.13021815,0.0,0.0,0.0,0.0,0.0,0.11040568,0.1841782,0.20025375,0.0,0.0
0.06753817,0.019673407,0.4548615,0.4222455,0.5006582,0.0,0.0,0.0,0.26709184,0.10834265,0.0,0.10408151,0.0,0.0,0.0,0.10383332
0.0,0.0,0.050311983,0.10112232,0.2851563,0.24508461,0.19859275,0.3942086,0.2721947,0.4132282,0.38172764,0.124078006,0.6149088,0.5335567,0.19507658,0.115026355
0.0,0.0,0.0,0.13811454,1.0691162,1.4371752,1.0763627,0.5416754,0.5630268,0.5324024,0.5997241,0.94815135,0.89956486,0.7705531,0.70694935,0.7578902
0.021815658,0.0,0.06711939,0.22550389,0.08710489,0.18673033,0.0,0.0,0.0,0.4908968,0.7998203,0.5831998,0.3385635,0.21224093,0.18937168,0.53536457
0.2103323,0.0,0.0,0.0,0.0,0.06111157,0.27032784,0.28242645,0.042829454,0.09974894,0.14802563,0.23158458,0.18300182,0.1460737,0.19828719,0.7427736
0.13935322,0.23248187,0.04481435,0.0,0.0,0.013497829,0.07478073,0.09255159,0.15989032,0.19719079,0.17682204,0.16331694,0.0,0.16284126,0.2062333,0.24750558
0.022298217,0.18598315,0.13583896,0.0,0.0,0.0,0.11973241,0.1721502,0.14415202,0.10683936,0.022168696,0.0,0.13828227,0.19003695,0.12075353,0.41992846
0.0,0.0,0.100942165,0.0,0.023161888,0.0,0.0,0.0,0.0,0.08847642,0.07722065,0.012552977,0.05756688,0.0,0.0,0.46376547
0.19879651,0.023937881,0.22279131,0.08055234,0.10790908,0.1647675,0.0,0.0,0.20284045,0.1982255,0.11989474,0.117962,0.13404465,0.0012307167,0.059551835,0.10556412
0.0,0.0,0.0,0.0,0.04855573,1.376198,0.5474299,0.0,0.22668779,0.9018127,0.0,0.0,0.0,0.0,0.0,0.0
0.0,0.8456162,0.0,0.0,0.0,1.7003665,0.8381531,0.39701748,1.0691099,0.9067626,0.0,0.10395932,0.0,0.22698915,0.0,0.0
0.0,3.3046248,0.0,0.0,0.0,0.8552581,0.23378897,1.271658,0.38133597,1.0226964,0.0,0.64577353,0.0,0.3811611,0.7408048,0.0
1.3928442,3.4085743,0.6111362,2.8613584,0.0,2.2443957,0.0,1.011881,0.28594542,1.706675,0.0,0.5953611,0.7194598,0.0,0.9347353,0.0
4.541912,0.7186234,0.9958936,3.3975542,1.932095,2.555765,0.0,0.927642,0.42376935,4.619047,0.61784196,1.1265678,0.9313557,0.06925833,1.1057339,0.0
5.629097,0.0,0.62489784,0.0026913285,4.594921,1.5758562,0.0,0.72005296,0.0,5.432417,0.3460344,0.97720504,0.21115899,0.0,0.26807952,0.0
5.2334986,0.0,2.8630123,0.0,3.5631397,1.835185,0.9649006,0.30048943,0.0,3.7336733,0.0,0.22799683,0.97530925,0.021724343,0.17974758,0.0
2.8265653,0.021625996,3.6126382,0.93345344,2.365419,0.35680473,0.5586127,0.94467795,0.9496554,0.4380412,1.3783298,0.4781294,0.9523963,0.0,0.0,0.0
0.74948716,0.32900357,0.69349515,3.351518,0.4954965,3.2125623,1.2902067,0.83865476,1.4653475,0.0880748,0.8211856,0.681208,1.1707907,0.07166016,0.007692218,0.0
0.0,0.2342149,0.0,4.352542,0.0,2.0498939,0.7694925,0.0,1.3045385,0.4877342,0.3953569,0.41315854,0.28425312,0.0,0.42527068,0.0
0.0,0.029740572,1.02458,4.3360033,0.0,1.7237103,0.34598625,0.0,0.27103353,0.7043513,0.37055075,0.062319636,0.14718866,0.0,0.21077907,0.0
0.16119087,0.49443948,2.5719256,0.42450833,2.5365732,1.5175247,0.0,0.01872629,0.0,0.08565962,0.03036797,0.03607869,0.0,0.33527923,0.1893177,0.0
0.059853792,0.28387165,2.2439249,0.0,3.0607455,0.14997268,0.012417018,0.0140580535,0.07379627,0.017696321,0.06131494,0.0,0.077724576,0.49341285,0.0,0.5605936
0.15298402,0.42952585,1.1506889,0.07699132,2.5895565,0.23723948,0.0,0.18063831,0.0,0.0,0.0,0.24704051,0.23348749,0.25015855,0.0,1.5032127
0.0,0.577513,0.0,0.08240175,0.23444378,0.3675245,0.06472218,0.16209483,0.0,0.0,0.2782297,0.6545056,0.20058155,0.0,0.7371403,0.0
0.46602732,0.22920728,0.13140294,0.072548866,0.2685872,0.26807776,0.25802812,0.107088625,0.084202945,0.38027146,0.38241264,0.27687177,0.0,0.28071702,0.0,0.0
0.2969121,0.473944,0.23190102,0.10280192,0.12083876,0.0021643639,1.381455,0.48178405,0.9235829,0.44407535,0.72556245,1.4742682,1.4726553,0.77053845,0.031927228,0.0
0.9673835,1.5211309,0.40973687,0.19152743,0.35676274,2.3835082,0.77415234,1.0288343,0.56314105,0.86873865,0.38077867,0.03587091,0.87962425,2.0317428,0.53516984,0.2193833
0.23938546,2.7897148,1.5765655,0.25086844,0.38726616,0.64898753,0.0,0.56888366,1.0284148,2.3353796,0.63741523,0.96359766,0.0,1.6226172,2.362227,0.0
0.0,1.2532415,1.8538175,0.9206377,0.0,2.4895973,0.4071424,0.6166639,0.6058383,2.4245052,0.19153702,1.0786397,0.49274647,0.11497861,3.1437721,1.2543684
2.0743203,0.71600956,0.8753213,3.920569,4.634076,0.7894591,0.0,0.9004647,0.6085348,2.376813,1.2270554,0.24069878,0.5851207,0.0,1.4639382,2.5612414
1.7426735,1.0201432,1.8874325,0.0,3.5697699,0.8087618,2.693378,0.76406837,0.6753526,2.9809642,0.022978187,0.17575204,0.91588414,0.60725516,0.4257806,0.043676436
1.8273512,1.3395193,3.0107546,0.52864194,1.4110475,1.7384994,2.0404801,0.22356313,0.0,2.3761687,0.0,0.13916865,0.79954976,0.6965894,0.15020242,0.020195127
1.1215932,1.4971257,2.7855754,2.5917344,3.3227563,2.4837039,0.0,0.30626252,1.378859,1.7424898,2.4529636,0.0,0.96186537,0.65626234,0.50843203,0.30756336
0.0,0.93355536,0.0,3.158381,0.6284619,2.4863644,0.20852736,0.32306868,3.51269,1.1004045,2.258132,0.30461705,0.4908231,1.3845558,0.5126617,0.06262779
2.3669324,0.7617131,0.0,1.3010502,2.3931935,1.6229506,1.4866613,1.489668,1.0551035,2.657117,0.43549287,0.85761946,1.9830832,1.6846433,0.9148065,1.0181112
3.214192,0.42945558,0.0,1.7774384,1.6466899,1.7793521,1.7273816,1.2349617,0.0,0.33897,0.616713,0.9661336,0.55198133,0.9409352,0.28334874,0.26544768
3.2899437,3.0189314,1.1948187,1.3716573,0.41315717,0.068697214,0.41803387,0.38626575,0.32258162,0.3409564,0.42409873,0.65312546,0.6737332,0.39601988,0.26484272,0.37110868
0.12171334,2.3243747,5.002165,0.65522873,0.0,0.59320974,0.53604734,0.6591549,0.32204005,0.42326897,0.6793605,0.8777185,0.7390274,0.70609426,1.1427445,1.0163431
0.5048377,0.58267987,4.2765102,4.230266,0.60124093,0.685158,0.529424,0.5427479,0.49021095,0.42390805,0.5303663,0.58071166,0.12389612,0.7134692,1.177577,1.2631875
0.8339757,0.6672159,0.27860013,0.9201733,0.17493653,0.56998557,0.8694666,0.6399215,0.52836263,0.27254003,0.33909246,0.5239103,0.79454654,0.0,0.0,0.0
0.24774468,0.0,0.0,0.0,0.0,0.0,0.0,0.0,0.0,0.0,0.0,0.0,0.0,0.0,0.0,0.0
0.14583778,0.0,0.0,0.0,0.0,0.7203107,0.0,0.0,0.0,0.0,0.0,0.0,0.0,0.0,0.0,0.0
0.15668035,0.098401666,0.0,0.0,0.0,0.7133727,0.0,0.0,0.0,0.23359549,0.0,0.0,0.0,0.0,0.0,0.0
0.10248017,0.008071899,0.014890909,0.0,0.0,0.03592229,0.17664778,0.0,0.0,0.50310206,0.27385998,0.0,0.0,0.0,0.0,0.0
0.5696652,0.47340417,0.0,0.9004781,1.5099583,0.15588248,0.1374793,0.0,0.0,0.51812696,0.31415546,0.0,0.0,0.0,0.0,0.0
0.3539307,0.83247924,0.0,0.2812997,1.4184484,0.46861064,0.86287904,0.0,0.0,1.255331,0.36758006,0.0,0.0,0.0,0.0,0.0
0.22224939,0.9381001,0.0,0.0,0.3674363,0.6995857,1.0541682,0.0034811497,0.0,1.0582757,0.18805158,0.0,0.0,0.0,0.0,0.0
0.7491474,0.79954386,0.0,0.09843922,0.24785149,1.1293325,0.10586953,0.0,0.0,0.7609577,0.192554,0.0,0.0,0.0,0.0,0.0
1.2780588,0.67136335,0.0,0.36330462,0.0,0.33048153,0.0,0.0,0.20085216,0.0,0.27929294,0.0,0.0,0.0,0.0,0.0
1.446965,0.60127664,0.18327081,0.39353907,0.08737767,0.0,0.45221794,0.7376442,0.062322497,0.10846567,0.0,0.0,0.0,0.06346464,0.0,0.0
1.5085478,0.54280114,0.16002798,1.7419138,1.3157835,0.0,0.6711962,0.6795788,0.0,0.0,0.0,0.0,0.0,0.0,0.0,0.0
1.1220226,0.8917196,0.5345361,1.6343222,1.1963575,0.0,0.0,0.0,0.0,0.0,0.0,0.0,0.0,0.0,0.0,0.0
0.13769746,0.75423694,1.3902647,1.6924143,0.0,0.0,0.0,0.0,0.0,0.0,0.0,0.0,0.0,0.0,0.12110329,0.09845555
0.17101216,0.0,1.5730033,1.6434424,0.0,0.0,0.0,0.0,0.0,0.0,0.0,0.0,0.0,0.04361236,0.13240004,0.0
0.23634708,0.0,0.0,0.5175719,0.0,0.0,0.0,0.0,0.0,0.0,0.0,0.0,0.34168088,0.17514229,0.0,0.0
0.2541498,0.0,0.0,0.0,0.0,0.0,0.0,0.0,0.0,0.07230818,0.0,0.0,0.45302022,0.23509431,0.0,0.0
0.06906569,0.06760186,0.0022547245,0.001621604,0.04183328,0.024757385,0.061281204,0.09036285,0.040278077,0.17073518,0.11369032,0.017626166,0.0,0.15461999,0.17421937,1.0918175
0.13271296,0.08632034,0.09973574,0.06106782,0.0,0.023570418,0.42247027,0.3041154,0.38580257,0.03323543,0.34307218,0.4194572,0.39177036,0.10562682,0.09176886,0.8645512
0.86329776,0.0,0.100675404,0.07615912,0.13117719,0.75098556,0.35202956,0.6906991,0.44808215,0.0,0.0,0.0,0.68700576,0.6363549,0.09672469,0.86551774
1.073351,0.42419273,0.17698765,0.0,0.40764534,0.4245836,0.0,0.0,0.20288563,0.21646959,0.04476559,0.14609408,0.04955089,0.754339,0.39308494,0.8768826
0.0,0.0,0.16529053,0.23123801,0.0,0.005730152,0.0,0.21951735,0.52358437,0.40156335,0.0,0.16482687,0.0,0.5246738,0.96784353,0.7646518
0.0,0.0,0.0,1.4249394,0.0,0.0,0.0,0.011002421,0.67684793,0.0,0.0,0.0,0.020182729,0.0,0.6906668,0.82279503
0.0,0.083155155,0.03130746,0.65961754,0.17621422,0.0,0.0,0.0,0.007804036,0.0,0.0,0.09821236,0.103282034,0.0,0.024309278,1.0055267
0.0,0.0,0.43836015,0.067599714,0.40026832,0.0,0.32829112,0.0,0.0,0.0,0.0,0.19446367,0.037635207,0.0,0.0,1.02828
0.0,0.0,0.41379696,0.0,0.6616249,0.50320756,0.03776455,0.19552493,0.0,0.5392157,0.2566684,0.21312219,0.29270953,0.021232367,0.1319595,0.889947
0.0,0.0,0.16912067,0.0,0.0,0.71980214,0.0,0.0,0.41772014,0.0,0.6522329,0.354564,0.17079437,0.0,0.07341331,0.8314158
0.0,0.0,0.0,0.0,0.33437866,0.0,0.0,0.0,0.36101466,0.7093019,0.037252545,0.040546536,0.24206477,0.0,0.0,0.80874383
0.1729303,0.0,0.0,0.0,0.0,0.0,0.023844719,0.07038516,0.0,0.0,0.0,0.0,0.0,0.0,0.0,0.76863337
0.0059450865,0.0,0.0,0.0,0.18438977,0.0,0.0,0.0,0.0,0.0,0.0,0.0,0.0,0.0,0.0,1.0968788
0.0,0.0,0.0,0.0,0.0,0.0,0.0,0.0,0.0,0.0,0.0,0.0,0.0,0.0,0.0,0.5047993
0.0,0.0,0.5123378,0.28565276,0.0,0.0,0.0,0.0,0.0,0.0,0.0,0.0,0.0,0.0,0.0,0.6688595
0.0,0.022657156,0.0,0.09807497,0.10473597,0.15863961,0.2522043,0.36456424,0.2633921,0.0,0.0,0.0,0.0,0.0,0.0,0.58021915
