1,64,1,1
-1.048605,
0.922505,
-1.750861,
2.459604,
1.023481,
0.539605,
-0.774099,
0.050689,
-0.794092,
-0.067608,
-1.016618,
-0.888854,
1.365323,
0.217858,
-0.514574,
1.368988,
-0.064365,
1.964549,
-0.147775,
1.915428,
0.855883,
2.089116,
0.503567,
-0.938255,
-0.243843,
1.977755,
-0.103359,
0.168124,
0.304797,
1.577455,
-1.838809,
0.327473,
-0.295941,
1.612997,
1.144189,
0.946335,
-0.115139,
0.560610,
1.041716,
1.306188,
-0.151823,
0.387481,
-0.584185,
-2.266106,
-0.036036,
0.400750,
-0.460930,
1.526025,
-1.335701,
0.040859,
-0.701843,
0.634515,
-2.498809,
-1.742976,
-0.353344,
-1.837043,
-0.311847,
1.730864,
-2.040170,
0.886133,
1.588561,
0.918025,
-1.097139,
0.102544
