1,128,1,1
-1.389638,
-0.274414,
-0.677225,
-0.175727,
-0.420059,
0.219035,
-0.286461,
0.476922,
-0.337730,
-2.561327,
-0.863413,
-2.249368,
-0.709687,
2.023011,
0.161960,
-1.036491,
-1.786875,
0.083918,
-2.329947,
0.466997,
-0.964454,
0.055927,
-2.583849,
-0.184095,
-1.196784,
-0.101113,
0.250784,
-1.095417,
-1.369812,
-2.083863,
-1.435411,
-1.135447,
0.979928,
0.415033,
-1.033551,
-0.583732,
-1.541800,
-1.877535,
-0.546180,
-1.416786,
-1.081650,
0.764346,
-1.478082,
-1.915819,
-0.625557,
-2.195131,
-0.303866,
0.772629,
0.591642,
0.640037,
0.245437,
-0.311505,
-0.157997,
0.054857,
-0.821472,
-0.107757,
-0.335283,
-0.235296,
-1.612063,
-1.400507,
0.537716,
-1.113745,
-1.530066,
-0.092980,
-1.288788,
0.248639,
-0.940875,
-1.899507,
0.582169,
-1.087891,
-1.284798,
-1.594453,
-2.001939,
-2.011529,
2.058414,
-1.272431,
-0.680180,
0.649887,
-0.403123,
-0.102716,
-1.079495,
-0.919347,
-0.577851,
0.373372,
0.761798,
-0.805459,
-2.830394,
-0.463231,
-2.384506,
-1.004192,
0.065033,
-1.470307,
-0.350097,
-0.858347,
-0.992079,
-0.554772,
0.030712,
-0.501999,
-1.757287,
-1.251214,
0.229412,
-0.300306,
0.086972,
-0.402442,
-0.631205,
-1.175487,
0.466308,
-2.872153,
-0.336603,
-1.243311,
0.658305,
0.206835,
0.744222,
1.487759,
-1.764014,
-0.171410,
-1.708116,
-2.107419,
-0.865745,
-1.604789,
-0.338599,
-0.320513,
-0.806881,
-0.578397,
0.169153,
1.147271,
0.070338,
1.098842
