1,64,1,1
-1.636319,
0.430402,
-1.318044,
1.734045,
0.628392,
-0.154245,
-1.390474,
-0.956994,
-0.818959,
-0.586070,
-1.182040,
-1.234746,
0.842126,
-0.829422,
-0.735471,
0.964885,
-0.598866,
1.440941,
-1.236607,
1.766602,
0.759059,
1.536448,
0.198975,
-1.457150,
-0.848626,
0.806280,
-0.910982,
-0.455205,
-0.145066,
0.645388,
-2.215245,
-0.465568,
-0.844395,
1.221683,
1.135858,
0.138185,
-0.245450,
0.028973,
0.142096,
0.379074,
-0.717399,
-0.485621,
-0.274799,
-2.723253,
0.364643,
0.512422,
-0.979303,
1.311585,
-1.820071,
-0.510113,
-1.019095,
0.332478,
-2.883728,
-1.987847,
-0.785837,
-2.015435,
-0.547595,
0.912219,
-2.922495,
0.856988,
0.924827,
0.205788,
-1.609770,
0.565530
