1,128,1,1
-16.058775,
-11.532620,
-9.784848,
-8.267845,
-5.063010,
2.463377,
-13.692097,
-5.167007,
-1.773043,
-7.594450,
-9.140179,
-10.197134,
-3.180335,
12.598728,
-8.310859,
-11.410489,
-8.223509,
-6.256915,
-21.645831,
0.796442,
-6.016323,
-5.664448,
-9.112220,
-5.626360,
-3.273348,
-0.027531,
-0.764007,
-7.682121,
-3.467390,
-21.675543,
-2.979773,
-11.010366,
4.509491,
2.263041,
-2.433279,
-6.469206,
-12.952327,
-17.008152,
-6.868994,
-10.034248,
-9.352914,
2.606857,
-5.833855,
-11.358121,
-2.857587,
-18.733449,
3.077924,
2.946372,
-5.615485,
6.931810,
-4.710455,
5.373829,
-5.515286,
-0.709547,
-1.354796,
-3.969999,
-5.523287,
-8.934980,
-8.455510,
-10.533945,
-1.421943,
-7.034811,
0.012170,
-6.722264,
-5.701086,
-5.784214,
-15.656610,
-9.538609,
-2.030627,
3.440219,
-7.952471,
-13.061065,
-7.289298,
-8.568454,
21.263987,
-11.366780,
-13.877767,
0.157603,
-9.325411,
2.474615,
-16.542670,
-2.742619,
-0.114038,
0.159204,
-0.073416,
-8.099001,
-22.093670,
-1.020567,
-12.454756,
-3.836653,
-7.889350,
-7.709336,
-1.583811,
-7.609181,
-17.359972,
-8.097265,
-0.750140,
-6.761856,
-10.667657,
-12.647732,
-4.299882,
-6.539041,
-5.036111,
-0.079901,
-6.849034,
-9.066687,
7.042177,
-18.752283,
4.362807,
-13.604958,
-2.347347,
-3.321901,
11.720033,
6.221653,
-0.766244,
2.053825,
-12.317385,
-15.478130,
-6.088450,
-8.103744,
-0.987766,
-0.084134,
-1.403834,
-6.596961,
-8.910789,
4.879232,
1.996816,
1.233373
