1,4096,1,1
0.017738,
0.476293,
0.000000,
0.655307,
0.000000,
0.653908,
0.000000,
0.000000,
0.000000,
0.000000,
0.000000,
0.000000,
0.000000,
0.483599,
0.779171,
0.372487,
0.000000,
0.000000,
0.157094,
0.000000,
0.391319,
0.809309,
0.000000,
0.964368,
0.215720,
0.133806,
0.032969,
0.583328,
0.411743,
0.000000,
0.802554,
0.593105,
0.853499,
0.330707,
0.581669,
0.334769,
0.460106,
0.000000,
0.000000,
0.000000,
0.599291,
0.530978,
0.689650,
0.261678,
0.058639,
0.299200,
0.000000,
0.210970,
0.066928,
0.000000,
0.000000,
0.550706,
1.270994,
0.000000,
0.321887,
0.443739,
0.000000,
0.485283,
0.016502,
0.504775,
0.833016,
0.000000,
0.950200,
0.000000,
0.000000,
0.217621,
0.000000,
0.385016,
0.000000,
0.485546,
0.344308,
0.000000,
0.000000,
0.000000,
0.229829,
0.000000,
0.000000,
0.046692,
0.920966,
0.182476,
0.000000,
0.000000,
0.000000,
0.000000,
0.844915,
0.214686,
0.000000,
1.097430,
0.537630,
0.120747,
0.054214,
0.732287,
0.098761,
0.331394,
1.117646,
0.515654,
0.116050,
0.435882,
0.736967,
0.328984,
0.440298,
0.000000,
0.000000,
0.000000,
0.413955,
0.025755,
1.135461,
0.018324,
0.208598,
0.231114,
0.000000,
0.135585,
0.000000,
0.108943,
0.000000,
0.116372,
1.550027,
0.000000,
0.628462,
0.000000,
0.000000,
0.497622,
0.000000,
0.058066,
0.491707,
0.640865,
0.384940,
0.000000,
0.000000,
0.000000,
0.000000,
0.296451,
0.000000,
1.443952,
0.180710,
0.000000,
0.000000,
0.000000,
0.019295,
0.376615,
0.000000,
0.000000,
0.486771,
0.000000,
0.000000,
0.708235,
0.000000,
0.000000,
0.164166,
0.240248,
0.000000,
0.986465,
0.434486,
0.269313,
0.903366,
0.000000,
0.794858,
0.000000,
0.000000,
0.000000,
0.626931,
1.122260,
0.394125,
0.097050,
0.741820,
0.000000,
0.000000,
0.000000,
0.302763,
0.477978,
0.000000,
1.120544,
0.000000,
0.377159,
0.004424,
0.000000,
0.000000,
0.504445,
0.000000,
0.815669,
1.142794,
0.000000,
0.000000,
1.215653,
0.000000,
0.000000,
0.000000,
0.000000,
0.957187,
0.000000,
0.000000,
0.000000,
0.000000,
0.135316,
0.000000,
0.183733,
0.000000,
1.136175,
0.000000,
0.000000,
0.000000,
0.000000,
0.690650,
0.193761,
0.000000,
0.046049,
0.581084,
0.145603,
0.426508,
0.000000,
0.000000,
0.000000,
0.533948,
0.799077,
0.000000,
1.286660,
1.244430,
0.000000,
0.198786,
0.660404,
0.047647,
0.000000,
0.814317,
0.009148,
0.131027,
1.231186,
1.120173,
0.000000,
0.180476,
0.000000,
0.000000,
0.000000,
0.394636,
0.335443,
0.974946,
0.000000,
0.419164,
0.262365,
0.411124,
0.401492,
0.000000,
0.219254,
0.557825,
1.339156,
1.302024,
0.000000,
0.000000,
0.386911,
0.000000,
0.485406,
0.047698,
0.641925,
1.391769,
0.260953,
1.015628,
0.417760,
0.000000,
0.044628,
0.000000,
0.730614,
0.000000,
1.457165,
0.701358,
0.000000,
0.000000,
0.000000,
0.000000,
0.149369,
0.103323,
0.000000,
0.540247,
0.061448,
0.000000,
0.022651,
0.160698,
0.000000,
0.505825,
0.388208,
0.000000,
0.739177,
1.091605,
0.000000,
0.240848,
0.000000,
0.362647,
0.000000,
0.490168,
0.000000,
0.000000,
0.366494,
0.863937,
0.000000,
0.658607,
0.000000,
0.647304,
0.000000,
0.611404,
0.451014,
0.169330,
0.182926,
0.000000,
0.514550,
0.000000,
0.180682,
0.000000,
0.000000,
0.000000,
1.916402,
1.203694,
0.000000,
0.428505,
0.000000,
0.248359,
0.434575,
0.476516,
1.032789,
0.573877,
0.000000,
0.496289,
0.000000,
0.145058,
0.928921,
0.000000,
0.871219,
0.000000,
1.181308,
0.351694,
0.000000,
0.000000,
0.000000,
0.000000,
0.000000,
0.000000,
0.328960,
1.665214,
0.000000,
0.190689,
0.378350,
0.000000,
0.000000,
0.813278,
0.823627,
0.000000,
0.744208,
1.465167,
0.304339,
0.000000,
0.179154,
0.000000,
0.000000,
0.996183,
0.000000,
0.009310,
0.957865,
0.593862,
0.000000,
0.222844,
0.000000,
0.000000,
0.000000,
0.842602,
0.000000,
0.359478,
0.034483,
0.000000,
0.427515,
0.137664,
0.231844,
0.000000,
0.611353,
0.294298,
0.811195,
0.894153,
0.000000,
0.000000,
0.453964,
0.293330,
0.120441,
0.101639,
0.957968,
0.536218,
0.000000,
0.022527,
0.000000,
0.092884,
0.086161,
0.000000,
0.827084,
0.000000,
0.765036,
0.000000,
0.000000,
0.000000,
0.000000,
0.000000,
0.000000,
0.000000,
0.000000,
1.231143,
0.163562,
0.000000,
0.000000,
0.000000,
0.000000,
0.343924,
0.860018,
0.000000,
0.686624,
0.811678,
0.358553,
0.000000,
0.598119,
0.000000,
0.000000,
1.064201,
0.000000,
0.231855,
0.272830,
0.954572,
0.000000,
0.396134,
0.000000,
0.000000,
0.000000,
0.785680,
0.085675,
0.553471,
0.165375,
0.327880,
0.252938,
0.248026,
0.109242,
0.161080,
0.379854,
0.267854,
0.235621,
1.001849,
0.000000,
0.428399,
1.319769,
0.000000,
0.351381,
0.000000,
0.607670,
0.518663,
0.125831,
0.085155,
0.000000,
0.000000,
0.337561,
0.000000,
0.102934,
0.000000,
0.856059,
0.496645,
0.121923,
0.000000,
0.000000,
0.626689,
0.000000,
0.000000,
0.000000,
0.674036,
0.941301,
0.380547,
0.000000,
0.034879,
0.000000,
0.890162,
1.010018,
0.277212,
1.099946,
1.136080,
0.965366,
0.528069,
0.683645,
0.624090,
0.000000,
0.467440,
0.493655,
0.132689,
0.860829,
0.437658,
1.098600,
0.304941,
0.214974,
0.195415,
0.000000,
0.710767,
0.204760,
0.903076,
0.000000,
0.363628,
0.583206,
0.307588,
0.010443,
0.000000,
0.623076,
0.370746,
0.662644,
1.209857,
0.000000,
0.077469,
0.000000,
1.064710,
0.447797,
0.530348,
0.308570,
0.429589,
0.000000,
0.547594,
0.000000,
0.000000,
0.000000,
0.000000,
0.276357,
0.370034,
1.015360,
0.357525,
0.000000,
0.000000,
0.126748,
0.000000,
0.000000,
1.386221,
1.023773,
0.909094,
0.000000,
0.012931,
2.532356,
0.505209,
0.011212,
0.579107,
0.678063,
0.026106,
0.676049,
0.000000,
0.000000,
0.000000,
0.000000,
0.701700,
0.000000,
0.117702,
0.000000,
1.577797,
1.291535,
0.000000,
0.159614,
1.961856,
0.000000,
0.262187,
0.000000,
1.029749,
0.011333,
0.000000,
0.232412,
0.000000,
0.370547,
0.077949,
0.000000,
0.000000,
0.000000,
0.000000,
0.784936,
0.000000,
0.000000,
0.259835,
0.503463,
0.078156,
0.000000,
0.414022,
0.000000,
0.000000,
0.000000,
0.535873,
0.000000,
0.000000,
0.302635,
0.087278,
0.547239,
0.000000,
1.172569,
0.000000,
0.000000,
0.000000,
0.000000,
0.618009,
0.006293,
0.599254,
0.000000,
0.073688,
0.000000,
0.641253,
0.000000,
0.489942,
0.000000,
0.587050,
1.298077,
0.000000,
1.357783,
0.000000,
0.000000,
0.279857,
0.622447,
0.000000,
0.000000,
0.632053,
0.000000,
0.424398,
0.297239,
0.031894,
0.000000,
0.066164,
0.000000,
0.989731,
0.000000,
0.000000,
0.845100,
1.066238,
0.000000,
0.399962,
0.000000,
0.460826,
0.158518,
0.924798,
0.373515,
0.000000,
0.834875,
0.000000,
0.000000,
0.000000,
0.318222,
0.000000,
0.000000,
0.160992,
0.000000,
0.699757,
0.124508,
0.866204,
0.458270,
0.000000,
0.000000,
0.000000,
0.000000,
0.000000,
1.625570,
0.590385,
0.000000,
0.016075,
0.043464,
0.131616,
0.579155,
0.154666,
0.000000,
0.118029,
0.000000,
1.320013,
0.000000,
0.676870,
0.000000,
1.236196,
0.500478,
0.000000,
0.267967,
0.315892,
0.000000,
0.000000,
0.000000,
0.575427,
0.000000,
1.272827,
0.113853,
0.164807,
0.969982,
0.000000,
0.000000,
0.897485,
0.000000,
0.655714,
0.000000,
0.000000,
0.000000,
0.000000,
0.461813,
0.000000,
0.000000,
0.258100,
0.429307,
0.000000,
0.975799,
0.000000,
1.606589,
0.000000,
0.000000,
0.000000,
0.000000,
0.000000,
0.000000,
0.381353,
0.000000,
0.965848,
0.000000,
0.887111,
0.000000,
0.000000,
0.437836,
0.103545,
0.000000,
0.000000,
0.000000,
0.401509,
0.761871,
0.000000,
0.447954,
0.097192,
0.000000,
0.000000,
1.221853,
0.600854,
0.000000,
0.272441,
0.027337,
0.000000,
0.329004,
0.970642,
0.000000,
0.000000,
0.001170,
0.000000,
0.000000,
0.093538,
0.000000,
0.000000,
0.000000,
0.358713,
0.000000,
0.000000,
0.196849,
0.000000,
0.000000,
0.000000,
0.000000,
0.378294,
0.000000,
0.229759,
0.000000,
0.000000,
0.000000,
0.000000,
0.000000,
0.421160,
0.000000,
0.000000,
0.000000,
0.027285,
0.398871,
0.000000,
0.000000,
0.000000,
0.061025,
0.114261,
0.000000,
1.044695,
0.693412,
0.000000,
0.158831,
0.000000,
0.443522,
0.238633,
0.775361,
0.036211,
0.617994,
0.332811,
0.000000,
0.537910,
0.003537,
0.000000,
0.114821,
0.263353,
0.000000,
0.142198,
1.630068,
0.573655,
0.000000,
0.099508,
0.864570,
0.575928,
0.761442,
0.467012,
0.000000,
0.000000,
0.000000,
0.000000,
0.000000,
0.267532,
0.000000,
0.644446,
0.000000,
0.000000,
0.029265,
0.697369,
0.573301,
0.000000,
0.600599,
0.805819,
0.000000,
0.088646,
0.000583,
0.287651,
0.630069,
0.000000,
0.110118,
0.000000,
0.000000,
0.509055,
0.000000,
0.000000,
0.187770,
0.000000,
0.000000,
0.000000,
0.000000,
0.107333,
1.115612,
0.584007,
0.000000,
0.389993,
0.507365,
0.000000,
0.000000,
0.326913,
0.000000,
0.000000,
0.313619,
0.049353,
0.065454,
0.000000,
0.000000,
0.000000,
0.350863,
0.000000,
0.000000,
0.479051,
0.000000,
0.173147,
0.185596,
0.000000,
0.766635,
0.460313,
0.446935,
0.000000,
0.833698,
0.925123,
0.000000,
0.000000,
0.087057,
0.000000,
0.346697,
0.000000,
0.279871,
0.000000,
0.000000,
0.836555,
0.168758,
0.409025,
0.876347,
0.000000,
0.348628,
0.000000,
0.000000,
0.037641,
0.000000,
0.049288,
0.052586,
0.010026,
0.000000,
0.000000,
0.000000,
0.000000,
0.477380,
0.000000,
0.424705,
0.847323,
0.000000,
0.486123,
0.106666,
0.000000,
0.581726,
0.388051,
0.335390,
0.358196,
0.000000,
0.506952,
0.438640,
0.153142,
0.635367,
0.000000,
0.602896,
0.144921,
0.000000,
0.000000,
0.000000,
0.245600,
0.126292,
0.000000,
0.025984,
0.108102,
0.000000,
0.229699,
0.173920,
0.000000,
0.000000,
0.862580,
0.451869,
0.218453,
0.208190,
0.291986,
0.289690,
0.253462,
0.000000,
0.000000,
0.582839,
0.275311,
0.408823,
0.000000,
0.000000,
0.937979,
0.000000,
0.936711,
2.167590,
0.102518,
0.375858,
0.000000,
0.423287,
0.000000,
0.365271,
0.515329,
0.000000,
0.000000,
0.000000,
0.080259,
0.000000,
0.487157,
0.202956,
1.164391,
0.218569,
0.702579,
0.000000,
0.464447,
0.000000,
0.000000,
0.530947,
0.000000,
0.000000,
0.255765,
0.000000,
0.000000,
0.000000,
0.332796,
0.006648,
0.196770,
0.000000,
0.695995,
0.000000,
0.000000,
0.237134,
0.000000,
0.212740,
0.000000,
0.000000,
0.752274,
0.000000,
0.624375,
0.000000,
0.283024,
0.686847,
0.429987,
0.000000,
0.297715,
0.000000,
0.799098,
1.699451,
1.225173,
0.694744,
0.031415,
0.374505,
0.108238,
0.769361,
0.099737,
0.000000,
0.126398,
0.237430,
0.740006,
0.555758,
0.469810,
1.135860,
0.045201,
0.419184,
0.476949,
0.000000,
1.386711,
0.184333,
0.240493,
0.000000,
0.000000,
0.163620,
0.647970,
0.000000,
0.000000,
0.295508,
0.060618,
0.037662,
0.000000,
0.000000,
0.000000,
0.980709,
0.890521,
0.000000,
0.867490,
0.451443,
0.060104,
0.000000,
0.113057,
0.000000,
0.000000,
0.671229,
0.000000,
0.000000,
0.432951,
0.000000,
0.900983,
0.000000,
0.630160,
0.036156,
0.659559,
0.374130,
0.000000,
0.022238,
0.000000,
0.000000,
0.000000,
1.126194,
0.351634,
0.466433,
0.120210,
0.000000,
0.000000,
0.457817,
0.000000,
0.000000,
0.000000,
1.348961,
1.339237,
0.000000,
0.446958,
0.884273,
1.870614,
0.319608,
0.000000,
0.304433,
1.772990,
0.000000,
0.000000,
0.000000,
0.000000,
0.000000,
0.000000,
0.000000,
0.000000,
0.013674,
0.000000,
0.000000,
0.000000,
0.000000,
0.000000,
0.346866,
0.000000,
0.000000,
1.351695,
0.000000,
1.018811,
0.000000,
0.064601,
0.000000,
0.000000,
0.000000,
0.050566,
0.880229,
0.000000,
0.000000,
1.199359,
0.000000,
1.191853,
0.000000,
0.447380,
0.000000,
0.000000,
0.967158,
0.340999,
0.468676,
0.600075,
0.000000,
0.000000,
0.000000,
0.050557,
0.000000,
0.076778,
0.000000,
1.943486,
0.762211,
0.000000,
0.000000,
0.145908,
0.000000,
1.031038,
1.843477,
0.318940,
0.000000,
0.000000,
0.972053,
1.236326,
3.223298,
0.000000,
0.368515,
0.000000,
0.328101,
1.419496,
0.000000,
0.233556,
0.000000,
0.000000,
0.559537,
0.000000,
0.239287,
0.895089,
0.000000,
1.636157,
0.000000,
0.885993,
0.145760,
0.000000,
0.000000,
0.000000,
0.836615,
0.000000,
0.000000,
1.207777,
0.000000,
0.249624,
0.197536,
0.160527,
0.993245,
0.000000,
0.507730,
0.051402,
0.985505,
0.017462,
0.000000,
0.000000,
0.000000,
0.522719,
0.000000,
0.000000,
1.704847,
0.006523,
0.000000,
0.000000,
0.000000,
0.849551,
1.183605,
0.000000,
0.988956,
1.161641,
0.000000,
0.000000,
0.000000,
0.000000,
0.000000,
0.000000,
0.515437,
0.000000,
0.000000,
1.831008,
0.000000,
0.000000,
0.590859,
0.000000,
0.176931,
0.888719,
0.000000,
0.000000,
0.000000,
0.000000,
0.000000,
0.000000,
0.000000,
0.000000,
1.019469,
0.000000,
0.000000,
0.000000,
0.000000,
0.000000,
0.000000,
0.000000,
0.000000,
0.000000,
0.574244,
1.175745,
0.000000,
0.324577,
0.000000,
0.586362,
0.000000,
0.390175,
0.504424,
0.000000,
0.000000,
0.000000,
0.000000,
0.000000,
0.000000,
0.073033,
1.394444,
0.000000,
0.000000,
0.700245,
0.388436,
0.000000,
0.600034,
0.166618,
0.000000,
0.256400,
0.304043,
0.000000,
0.253448,
1.568120,
0.000000,
0.000000,
0.492569,
0.000000,
0.863540,
1.096900,
0.487813,
0.000000,
0.000000,
0.454870,
0.000000,
0.428013,
0.014382,
0.000000,
0.443647,
0.000000,
0.000000,
0.000000,
0.000000,
0.000000,
0.000000,
0.000000,
0.000000,
0.000000,
0.000000,
0.108480,
0.000000,
0.000000,
0.000000,
0.615804,
0.000000,
0.000000,
0.295233,
0.000000,
0.426748,
0.417283,
0.000000,
0.824921,
0.000000,
0.000000,
0.000000,
0.354187,
0.086770,
0.456551,
0.000000,
0.198786,
0.000000,
0.613562,
0.512314,
1.596088,
0.000000,
0.000000,
0.000000,
0.954344,
0.114098,
0.000000,
0.574229,
0.000000,
0.000000,
0.000000,
2.134590,
1.302183,
1.328913,
0.646948,
0.000000,
0.038504,
0.025809,
0.012550,
0.000000,
0.121388,
0.656361,
0.131005,
0.000000,
0.000000,
1.015403,
1.039362,
0.562434,
0.622624,
1.580280,
0.612695,
0.744375,
0.228936,
0.145933,
1.804371,
0.000000,
0.000000,
0.000000,
0.000000,
0.000000,
0.259864,
0.000000,
0.000000,
0.000000,
0.000000,
0.000000,
0.000000,
0.000000,
1.717475,
0.000000,
0.407086,
0.000000,
0.852912,
0.000000,
0.000000,
0.000000,
0.000000,
0.000000,
0.000000,
0.305632,
0.879851,
0.000000,
0.000000,
0.000000,
0.124403,
0.574485,
0.000000,
0.000000,
0.000000,
0.000000,
0.724133,
0.000000,
0.030992,
1.032087,
0.736209,
0.000000,
0.000000,
0.605549,
0.217851,
0.150045,
0.073268,
0.674804,
0.000000,
0.240788,
0.000000,
0.371530,
0.000000,
0.000000,
0.710733,
0.316350,
0.000000,
0.691502,
0.000000,
0.555888,
0.132414,
0.339829,
0.857096,
0.000000,
0.159408,
0.000000,
0.000000,
0.000000,
0.000000,
0.000000,
0.257528,
0.000000,
0.000000,
0.000000,
0.311429,
0.000000,
0.000000,
0.526999,
0.000000,
0.219142,
0.000000,
0.000000,
0.588199,
0.268830,
0.000000,
0.000000,
0.283701,
1.783127,
0.000000,
0.566858,
0.041480,
0.000000,
0.000000,
0.000000,
0.464486,
0.190777,
0.000000,
0.522728,
0.706278,
0.000000,
0.000000,
0.221539,
0.408396,
0.000000,
0.467258,
0.105544,
0.071961,
0.441819,
0.379578,
0.073943,
0.457064,
0.689387,
0.000000,
0.753954,
0.255941,
0.286670,
0.000000,
0.000000,
1.430884,
0.240674,
0.249214,
0.748216,
0.526499,
0.000000,
0.000000,
0.383950,
0.017392,
0.000000,
0.416449,
0.000000,
0.000000,
0.000000,
0.000000,
0.000000,
0.000000,
0.291130,
0.000000,
0.449053,
0.369215,
0.000000,
0.873856,
0.184232,
0.667306,
0.424372,
0.000000,
0.000000,
0.140694,
0.390099,
0.000000,
0.000000,
0.245839,
0.188426,
0.504662,
0.295121,
0.868096,
0.000000,
0.000000,
0.016481,
0.508541,
0.000000,
0.000000,
1.452384,
0.000000,
0.000000,
0.388419,
0.000000,
1.109197,
0.278904,
0.921192,
0.000000,
0.376220,
0.000000,
1.269656,
0.761931,
1.308689,
0.000000,
0.269359,
0.000000,
0.000000,
0.966157,
0.129205,
0.320037,
0.872217,
0.378595,
0.825802,
1.382455,
0.000000,
0.183180,
0.000000,
0.618479,
0.000000,
0.070548,
1.311075,
0.333192,
0.000000,
0.000000,
0.000000,
0.000000,
0.447829,
0.000000,
1.572864,
0.555284,
0.598431,
0.000000,
0.000000,
0.487289,
0.000000,
1.272021,
0.564849,
0.000000,
1.096361,
1.060895,
0.000000,
0.000000,
0.354383,
0.000000,
0.000000,
0.000000,
0.415117,
0.000000,
0.391771,
0.000000,
0.031990,
0.000000,
0.298177,
0.071658,
0.246877,
0.460497,
0.000000,
0.007395,
0.000000,
0.000000,
0.000000,
1.423469,
0.695115,
0.000000,
0.123536,
0.000000,
1.262741,
0.137217,
0.000000,
0.000000,
0.000000,
3.047360,
0.000000,
0.000000,
0.000000,
0.789744,
1.826679,
1.029099,
0.000000,
0.266058,
0.136924,
0.000000,
0.079264,
0.000000,
0.000000,
0.000000,
0.000000,
0.000000,
0.000000,
0.092396,
0.000000,
0.000000,
0.000000,
0.000000,
0.000000,
0.207006,
0.000000,
0.000000,
0.065008,
0.000000,
1.202769,
0.000000,
0.000000,
0.000000,
0.000000,
0.000000,
0.000000,
1.190328,
0.354551,
0.000000,
0.590490,
0.000000,
0.090564,
0.000000,
0.926860,
0.000000,
0.000000,
0.203981,
0.701034,
0.345107,
0.000000,
0.000000,
0.000000,
0.000000,
0.946299,
0.000000,
0.000000,
0.000000,
0.593073,
0.722942,
0.033581,
0.000000,
0.736043,
0.000000,
0.059030,
0.382399,
0.000000,
0.000000,
0.712806,
0.564744,
1.152882,
0.722870,
1.176339,
0.484477,
0.000000,
1.513041,
0.183817,
0.000000,
0.227239,
0.000000,
0.000000,
0.000000,
0.000000,
0.600264,
1.446684,
0.000000,
0.102680,
0.940533,
1.341156,
0.000000,
0.000000,
0.000000,
0.000000,
0.643493,
0.000000,
0.000000,
0.349872,
0.514055,
0.000000,
0.000000,
0.000000,
0.000000,
0.510560,
0.571588,
0.000000,
0.804376,
0.399763,
0.000000,
0.144218,
0.000000,
0.000000,
0.000000,
0.785710,
1.033980,
0.000000,
0.000000,
0.000000,
0.000000,
2.270118,
0.017268,
0.415939,
0.000000,
1.065264,
0.000000,
0.000000,
0.000000,
0.000000,
0.000000,
0.000000,
0.084512,
0.000000,
0.000000,
0.000000,
0.648881,
0.869904,
0.570222,
0.428862,
0.000000,
0.000000,
0.000000,
0.000000,
0.000000,
0.000000,
0.315637,
0.000000,
0.000000,
0.000000,
0.319661,
0.000000,
0.000000,
0.000000,
0.191978,
0.000000,
0.000000,
0.000000,
0.000000,
0.483234,
0.000000,
0.802925,
0.000000,
0.863336,
0.000000,
0.000000,
0.000000,
0.000000,
0.000000,
0.791358,
0.518706,
0.781605,
0.000000,
0.000000,
0.000000,
0.000000,
0.516045,
0.000000,
0.000000,
0.797627,
0.407831,
0.000000,
0.000000,
0.000000,
0.000000,
0.836522,
0.000000,
0.013719,
0.344489,
1.232792,
0.000000,
0.000000,
0.664601,
0.000000,
0.581552,
0.915914,
0.233112,
0.000000,
0.000000,
1.077895,
0.000000,
0.000000,
0.060098,
0.000000,
0.000000,
0.000000,
0.000000,
0.834652,
0.000000,
0.035673,
0.000000,
0.000000,
0.000000,
0.000000,
0.000000,
0.000000,
0.983954,
0.000000,
0.000000,
0.221199,
0.000000,
0.000000,
0.000000,
0.000000,
0.299186,
0.000000,
0.000000,
0.674553,
0.703519,
0.000000,
0.000000,
0.203939,
1.031335,
0.228733,
0.176022,
0.290786,
0.943224,
0.020894,
0.000000,
0.885915,
0.000000,
1.229303,
0.506549,
1.436069,
0.152176,
0.993568,
0.034010,
0.000000,
0.000000,
1.124402,
0.693725,
0.739872,
0.120714,
1.148387,
0.000000,
0.044815,
0.642767,
0.000000,
0.000000,
0.000000,
0.743459,
0.000000,
0.000000,
0.620223,
0.609615,
1.144692,
0.000000,
0.541873,
1.416269,
0.160463,
1.038926,
0.000000,
0.000000,
1.380454,
0.000000,
0.000000,
0.000000,
0.000000,
1.072088,
1.204809,
0.000000,
0.000000,
0.376656,
0.000000,
0.010647,
0.038667,
0.000000,
2.034284,
0.000000,
0.770966,
0.000000,
0.956494,
0.284137,
0.000000,
0.000000,
0.000000,
0.000000,
0.465363,
0.267637,
0.935803,
0.000000,
0.000000,
0.000000,
0.033613,
0.890457,
0.000000,
0.077726,
0.029030,
0.463489,
0.000000,
0.255659,
0.000000,
0.330012,
0.000000,
0.000000,
0.000000,
0.490688,
1.103237,
0.000000,
0.666254,
0.058185,
0.000000,
0.000000,
0.500030,
0.777595,
0.000000,
0.000000,
0.935754,
0.000000,
0.000000,
0.000000,
0.036210,
0.107441,
0.075633,
0.439138,
0.201247,
0.000000,
0.000000,
0.146169,
0.105820,
0.000000,
0.000000,
0.838582,
0.188615,
0.369904,
0.000000,
0.000000,
0.018605,
0.000000,
0.202302,
0.773625,
0.042997,
0.196293,
0.000000,
0.000000,
0.291684,
0.473085,
0.000000,
0.245836,
0.221932,
1.843945,
0.000000,
0.109824,
0.000000,
0.049926,
0.000000,
0.000000,
0.000000,
0.347232,
0.043175,
0.047500,
0.316933,
0.000000,
0.000000,
0.490254,
0.166742,
0.028338,
0.648002,
0.000000,
0.398265,
0.743649,
0.445730,
0.047888,
0.084736,
0.076897,
0.000000,
0.179978,
0.000000,
0.068599,
0.000000,
0.000000,
0.183802,
0.338551,
0.655826,
0.378042,
0.000000,
0.087760,
0.313927,
0.000000,
0.130672,
0.000000,
0.432623,
0.071509,
0.000000,
0.000000,
0.000000,
0.215059,
0.611323,
0.268740,
0.000000,
0.000000,
0.000000,
0.000000,
0.290467,
0.001234,
0.692317,
0.307928,
0.000000,
0.000000,
0.348464,
0.617437,
0.000000,
0.173108,
0.360012,
0.000000,
0.000000,
0.450991,
0.162083,
0.000000,
0.000000,
0.000000,
0.385252,
0.379305,
0.000000,
0.899155,
0.456821,
0.000000,
0.132703,
0.000000,
0.000000,
0.281495,
0.444585,
0.000000,
0.727296,
0.000000,
0.190920,
0.099476,
0.090026,
0.435274,
0.000000,
0.793365,
0.494813,
0.523886,
1.028150,
0.431418,
0.595715,
0.058300,
0.349284,
0.553282,
0.051074,
0.810858,
0.000000,
0.543126,
0.000000,
0.043596,
0.093210,
0.000000,
0.000000,
0.000000,
0.000000,
0.000000,
0.000109,
0.506925,
0.742003,
0.331735,
0.132153,
0.000000,
0.532288,
0.561145,
0.000000,
0.000000,
0.716109,
0.000000,
0.521359,
0.000000,
0.000000,
0.000000,
0.052069,
0.162863,
0.762273,
0.000000,
0.370456,
0.140842,
0.000000,
0.034215,
0.005383,
0.000000,
0.695776,
0.652968,
0.543693,
0.056743,
0.000000,
0.000000,
0.081751,
0.572750,
0.000000,
0.904974,
0.834403,
0.000000,
0.911248,
0.000000,
0.997017,
0.000000,
0.000000,
0.000000,
0.000000,
1.481697,
0.000000,
0.000000,
0.441697,
0.171404,
1.317012,
0.324327,
0.000000,
0.000000,
0.000000,
0.547588,
0.000000,
0.000000,
0.000000,
0.000000,
0.000000,
0.000000,
0.000000,
0.290599,
0.000000,
0.000000,
0.000000,
0.487871,
0.000000,
0.000000,
0.058892,
0.000000,
0.230173,
0.000000,
0.814932,
0.000000,
0.485172,
0.000000,
0.000000,
0.000000,
0.000000,
0.922664,
0.000000,
0.000000,
0.000000,
0.000000,
0.570423,
0.000000,
0.000000,
0.000000,
0.000000,
1.411035,
1.101284,
0.120230,
0.000000,
0.000000,
0.000000,
0.000000,
0.000000,
0.000000,
1.317950,
0.533774,
0.977801,
0.000000,
0.384925,
0.514833,
0.000000,
0.000000,
0.000000,
0.788203,
0.000000,
0.000000,
0.033618,
0.636910,
1.101027,
1.088501,
0.000000,
0.064105,
0.417236,
0.794892,
0.844563,
0.000000,
1.310325,
0.000000,
0.000000,
0.000000,
0.000000,
0.000000,
0.502308,
0.000000,
0.000000,
0.000000,
0.478667,
0.000000,
0.208466,
0.000000,
0.707341,
0.393354,
0.015042,
0.000000,
0.237783,
0.274233,
0.000000,
0.000000,
0.898176,
0.310963,
0.415470,
0.000000,
0.356763,
0.000000,
0.600148,
0.140962,
0.000000,
0.000000,
0.000000,
0.000000,
0.001781,
0.015394,
0.000000,
0.517252,
0.000000,
0.000000,
1.825075,
0.000000,
0.087172,
0.320197,
1.422353,
0.172701,
0.322382,
0.000000,
0.000000,
0.000000,
0.000000,
0.000000,
0.000000,
0.000000,
0.539724,
0.000000,
0.072550,
1.020855,
0.000000,
0.000000,
0.000000,
0.000000,
0.000000,
0.000000,
0.000000,
0.000000,
0.000000,
0.000000,
0.000000,
0.000000,
0.000000,
0.000000,
0.000000,
0.000000,
0.000000,
0.000000,
0.000000,
0.377106,
0.000000,
0.609392,
0.000000,
0.000000,
1.449517,
0.000000,
0.000000,
0.000000,
0.000000,
0.912863,
0.000000,
0.816947,
0.612951,
0.000000,
0.719076,
0.000000,
1.544555,
0.000000,
0.000000,
0.000000,
0.364462,
0.006150,
0.000000,
0.372627,
0.000000,
0.000000,
0.000000,
0.251078,
0.590826,
0.428231,
0.548309,
0.915578,
0.614425,
0.000000,
0.000000,
0.000000,
1.327014,
0.000000,
0.000000,
0.000000,
0.000000,
0.000000,
0.000000,
1.088964,
0.000000,
0.000000,
0.000000,
0.000000,
0.579719,
0.033653,
0.000000,
0.000000,
0.000000,
0.000000,
0.000000,
0.000000,
0.000000,
0.818989,
0.000000,
0.000450,
0.000000,
0.000000,
0.000000,
0.000000,
0.000000,
0.604869,
0.423802,
0.000000,
0.751958,
0.000000,
0.465610,
0.000000,
0.000000,
0.216321,
0.186827,
0.357450,
0.082212,
0.165524,
0.000000,
0.000000,
0.000000,
0.000000,
0.000000,
0.000000,
0.213318,
0.288719,
0.205538,
0.592937,
0.650990,
0.000000,
0.423165,
0.595223,
0.000000,
0.000000,
0.609416,
0.408877,
0.439814,
0.000000,
0.000000,
0.080607,
0.000000,
0.000000,
0.000000,
0.000000,
0.000000,
0.000000,
0.484126,
1.860285,
0.000000,
0.000000,
0.000000,
0.000000,
0.000000,
0.000000,
0.055118,
0.000000,
0.000000,
0.000000,
0.000000,
0.000000,
0.000000,
0.000000,
0.000000,
0.000000,
1.490272,
0.778516,
0.000000,
0.000000,
0.000000,
1.784190,
0.000000,
0.000000,
0.685221,
0.341279,
0.459660,
0.000000,
0.898476,
0.378604,
0.000000,
0.000000,
0.335280,
0.000000,
0.000000,
0.000000,
0.000000,
0.000000,
0.000000,
0.000000,
0.000000,
0.000000,
0.053223,
0.000000,
0.135546,
0.000000,
0.000000,
0.504513,
0.654388,
0.776353,
1.027111,
0.000000,
0.518960,
0.071825,
0.000000,
0.000000,
0.337326,
0.003518,
0.000000,
0.000000,
0.000000,
0.000000,
0.000000,
0.485501,
0.589810,
0.000000,
0.000000,
0.000000,
0.632014,
0.000000,
0.000000,
0.000000,
0.000000,
0.000000,
0.000000,
0.000000,
0.000000,
0.591700,
0.000000,
0.000000,
0.000000,
0.261701,
0.000000,
0.000000,
0.000000,
1.734710,
0.223460,
0.000000,
1.269729,
0.872247,
0.000000,
0.000000,
1.378890,
0.560712,
0.000000,
0.531134,
0.252897,
0.203913,
0.000000,
0.400844,
0.000000,
0.000000,
0.000000,
0.000000,
0.151923,
0.000000,
0.000000,
0.799495,
0.000000,
0.000000,
0.000000,
0.376379,
1.117418,
0.188305,
0.371599,
0.678658,
0.000000,
0.348203,
0.669253,
0.000000,
0.123121,
0.299881,
0.000000,
0.000000,
0.000000,
0.000000,
0.416413,
0.908118,
0.641508,
0.000000,
0.218150,
0.000000,
0.022521,
0.000000,
0.293235,
0.459334,
0.000000,
0.000000,
0.000000,
0.397304,
0.086838,
0.690995,
0.000000,
0.058832,
0.000000,
0.407350,
0.131524,
0.000000,
0.594266,
0.318354,
0.000000,
0.029570,
0.255197,
0.000000,
0.431439,
0.000000,
0.488703,
0.000000,
0.000000,
0.487806,
0.265173,
0.000000,
0.000000,
0.586544,
0.237999,
0.236584,
0.000000,
0.000000,
0.414420,
0.000000,
0.368770,
0.000000,
0.281693,
0.629219,
0.000000,
0.000000,
0.136572,
0.000000,
0.248536,
0.985743,
0.390289,
0.741557,
0.692308,
0.324819,
0.300291,
0.328500,
0.645493,
0.600264,
0.000000,
0.000000,
0.000000,
0.000000,
0.534593,
0.809976,
0.476268,
0.182501,
0.001483,
0.000000,
0.000000,
0.137378,
0.000000,
0.000000,
0.083064,
0.389363,
0.000000,
1.472574,
0.000000,
0.054028,
0.000000,
0.702265,
0.230196,
0.000000,
0.000000,
0.159123,
0.733317,
0.261807,
0.571809,
0.767689,
0.066472,
0.000000,
0.327555,
0.000000,
0.940763,
0.013537,
0.465230,
0.288478,
0.625332,
0.021731,
0.000000,
0.000000,
0.000000,
0.000000,
0.000000,
0.000000,
0.157834,
0.000000,
0.000000,
0.581707,
0.832917,
1.524038,
1.135317,
0.519807,
0.522651,
0.672417,
0.000000,
0.267707,
0.000000,
0.000000,
0.000000,
0.000000,
0.000000,
0.000000,
0.858342,
0.076067,
2.363836,
0.214163,
0.000000,
0.000000,
1.280102,
0.000000,
0.462110,
0.000000,
0.000000,
0.057899,
0.022372,
0.836747,
0.000000,
0.392843,
0.000000,
0.124361,
0.000000,
0.520877,
0.000000,
0.000000,
0.000000,
0.000000,
0.000000,
0.924845,
0.603757,
0.000000,
0.227733,
1.128849,
0.000000,
0.000000,
0.000000,
0.000000,
0.265614,
1.575475,
0.006051,
0.000000,
1.451911,
0.048920,
1.020223,
0.000000,
0.000000,
0.195198,
1.223366,
1.181737,
0.000000,
0.000000,
0.000000,
0.000000,
0.000000,
0.553252,
1.120191,
0.696390,
1.839080,
0.000000,
0.000000,
0.021752,
0.000000,
0.000000,
0.165419,
0.000000,
0.269914,
0.000000,
0.000000,
0.164822,
0.832537,
0.000000,
0.440573,
0.513931,
1.198928,
0.844047,
0.132496,
0.000000,
1.957010,
0.000000,
0.000000,
0.000000,
0.000000,
0.000000,
0.000000,
0.000000,
0.000000,
0.000000,
0.000000,
0.000000,
0.000000,
0.000000,
0.939196,
0.000000,
0.000000,
0.000000,
0.578360,
0.000000,
0.000000,
0.000000,
0.000000,
0.000000,
0.120165,
0.000000,
0.000000,
0.000000,
0.620242,
0.000000,
0.023287,
0.000000,
0.000000,
0.507337,
0.000000,
0.990480,
0.000000,
0.000000,
0.000000,
0.000000,
0.000000,
0.125701,
0.505763,
0.462643,
0.000000,
0.000000,
0.000000,
0.000000,
0.000000,
0.000000,
0.000000,
0.533469,
0.000000,
0.000000,
0.882352,
0.283774,
0.000000,
0.000000,
1.437338,
0.000000,
0.538820,
0.000000,
0.000000,
0.000000,
0.000000,
0.000000,
0.000000,
0.000000,
0.000000,
0.000000,
0.103200,
0.000000,
0.000000,
0.000000,
0.881033,
0.108630,
0.000000,
1.335860,
0.391210,
0.000000,
0.430297,
0.000000,
0.923083,
0.443078,
0.000000,
0.141089,
0.000000,
1.642578,
0.597622,
0.885815,
0.316714,
0.333773,
0.156004,
0.000000,
0.141220,
0.000000,
0.925786,
0.000000,
0.000000,
0.000000,
0.000000,
1.462189,
1.731960,
0.000000,
0.000000,
0.000000,
0.299693,
1.107330,
0.290351,
0.000000,
0.000000,
0.000000,
0.000000,
0.000000,
0.439391,
0.472237,
0.000000,
0.272516,
0.000000,
0.000000,
0.000000,
0.000000,
0.000000,
0.000000,
0.463699,
0.000000,
0.000000,
0.000000,
0.000000,
0.000000,
0.000000,
0.000000,
0.000000,
0.506915,
0.000000,
1.278409,
0.000000,
0.000000,
0.669613,
0.000000,
0.000000,
0.000000,
1.043469,
0.101692,
0.000000,
0.668600,
0.765613,
2.056196,
0.000000,
0.595938,
0.000000,
0.539217,
0.043741,
0.188431,
0.083987,
0.000000,
0.628156,
0.000000,
0.849614,
0.000000,
0.821745,
1.320284,
0.000000,
0.000000,
0.000000,
0.837125,
1.128643,
0.000000,
0.000000,
0.000000,
0.668633,
0.635878,
1.366764,
0.000000,
0.192673,
0.000000,
0.000000,
0.000000,
0.812228,
0.717163,
0.000000,
1.075305,
1.440768,
0.000000,
0.000000,
0.000000,
0.000000,
0.000000,
0.000000,
0.000000,
0.329714,
0.000000,
0.131442,
0.000000,
0.000000,
0.000000,
0.112198,
0.000000,
0.000000,
1.349222,
0.000000,
0.441384,
0.654060,
0.000000,
0.306893,
0.538660,
0.000000,
0.276311,
0.443165,
0.000000,
0.777680,
1.093501,
0.000000,
0.032215,
0.197086,
0.000000,
0.000000,
1.458363,
0.037757,
0.008779,
0.175902,
0.000000,
0.867259,
0.000000,
0.000000,
0.835588,
0.000000,
0.000000,
0.000000,
0.536770,
0.752390,
0.000000,
0.000000,
0.000000,
0.377671,
0.463921,
0.027351,
0.000000,
0.551841,
0.000000,
0.000000,
0.000000,
0.614379,
0.074469,
0.000000,
0.846736,
0.692470,
0.000000,
0.000000,
0.000000,
0.268106,
0.000000,
0.000000,
0.000000,
0.000000,
0.000000,
0.360237,
0.000000,
0.000000,
0.272208,
0.371754,
0.000000,
0.521592,
0.153890,
0.411028,
0.140116,
0.000000,
0.000000,
0.787631,
0.000000,
0.000000,
0.715449,
0.656674,
0.000000,
0.673247,
1.179813,
0.000000,
0.645832,
0.000000,
0.000000,
0.000000,
1.393321,
0.114690,
0.340235,
0.512262,
0.000000,
0.000000,
0.000000,
0.000000,
0.540114,
0.000000,
0.000000,
0.000000,
0.630977,
1.095328,
0.000000,
0.129144,
0.000000,
0.016493,
0.386850,
0.000000,
0.080747,
0.206746,
0.000000,
0.000000,
0.000000,
0.000000,
0.098407,
0.000000,
0.137042,
0.607949,
0.000000,
0.000000,
0.000000,
0.000000,
0.000000,
0.547149,
0.166140,
0.000000,
0.000000,
0.258027,
0.000000,
0.000000,
0.098160,
0.000000,
0.000000,
0.442929,
0.509170,
0.114925,
0.180264,
0.000000,
0.015307,
0.774179,
0.234161,
0.358527,
0.733777,
0.000000,
0.000000,
0.297358,
1.042497,
0.000000,
0.515634,
0.000000,
0.000000,
0.000000,
0.241341,
0.621202,
0.213630,
0.815218,
0.000000,
0.108891,
1.016957,
0.000000,
0.862801,
0.078383,
0.000000,
0.000000,
0.527725,
1.225594,
0.000000,
0.253240,
0.489925,
0.118028,
0.534951,
0.000000,
0.127979,
0.421057,
0.000000,
0.000000,
0.042883,
0.000000,
0.371406,
0.111090,
0.000000,
0.723948,
0.000000,
0.131226,
0.000000,
0.000000,
0.423236,
0.659271,
0.428286,
0.882837,
0.481312,
0.599673,
0.000000,
0.000000,
0.000000,
0.000000,
0.000000,
0.059166,
0.000000,
0.808353,
0.000000,
0.271491,
0.000000,
0.169266,
0.530315,
0.000000,
0.699525,
1.745486,
0.000000,
0.000000,
1.258078,
0.000000,
0.000000,
0.000000,
0.000000,
1.311847,
0.778613,
0.387370,
0.089920,
1.529119,
0.000000,
0.390239,
0.000000,
0.000000,
0.665149,
0.000000,
0.000000,
0.000000,
1.011579,
0.387831,
0.076798,
1.244060,
1.414876,
0.656167,
0.581691,
0.000000,
0.000000,
0.035032,
0.000000,
0.000000,
0.000000,
0.000000,
1.262573,
0.000000,
0.000000,
0.142503,
0.000000,
0.832134,
2.653498,
0.061970,
0.415483,
0.803700,
0.838096,
0.316907,
1.050197,
0.000000,
0.000000,
0.000000,
0.308406,
0.000000,
0.000000,
0.470095,
0.000000,
0.261255,
0.596630,
0.000000,
0.000000,
1.489598,
0.000000,
0.081095,
0.000000,
0.873467,
0.000000,
0.312738,
0.431314,
0.000000,
0.313670,
0.000000,
0.000000,
2.000424,
0.576939,
1.009804,
0.000000,
1.131106,
0.000000,
0.000000,
0.000000,
0.000000,
0.000000,
0.000000,
0.626832,
0.738794,
0.000000,
0.000000,
0.875044,
0.000000,
0.000000,
0.000000,
0.719647,
0.766290,
0.486499,
0.000000,
0.000000,
0.000000,
0.000000,
0.000000,
0.007591,
0.000000,
0.000000,
0.000000,
0.483063,
1.074191,
0.000000,
0.000000,
0.000000,
2.421715,
0.000000,
0.000000,
0.212718,
0.000000,
0.000000,
0.000000,
1.232029,
0.000000,
0.000000,
0.000000,
0.000000,
0.000000,
0.014218,
0.000000,
0.000000,
0.000000,
0.000000,
0.000000,
0.756663,
0.000000,
0.000000,
1.293851,
0.000000,
0.000000,
0.000000,
0.000000,
0.000000,
0.310043,
1.241709,
0.315733,
0.000000,
0.598753,
0.000000,
1.939535,
1.524576,
0.000000,
0.000000,
0.093261,
0.000000,
0.000000,
0.772163,
0.000000,
0.000000,
0.000000,
0.886747,
0.000000,
1.588482,
0.000000,
0.000000,
0.000000,
0.214560,
0.000000,
0.000000,
1.513145,
0.347305,
0.000000,
0.000000,
0.000000,
0.326963,
0.000000,
0.212607,
0.240822,
0.000000,
0.000000,
0.662579,
2.048954,
0.164842,
0.000000,
0.688568,
0.000000,
0.000000,
0.000000,
0.000000,
0.000000,
1.094601,
0.000000,
0.000000,
0.043822,
0.000000,
0.407848,
0.000000,
0.840590,
0.000000,
0.618844,
0.000000,
0.875764,
0.532989,
0.000000,
0.085918,
0.000000,
0.000000,
0.000000,
0.903843,
0.343669,
0.106320,
0.000000,
0.110905,
0.103379,
0.269107,
0.000000,
0.312237,
0.002627,
0.000000,
0.000000,
0.226033,
0.000000,
0.000000,
0.746248,
0.000000,
0.154721,
1.595627,
0.000000,
0.000188,
0.134998,
0.000000,
0.000000,
0.000000,
0.000000,
0.225611,
0.000000,
0.560626,
0.839458,
0.000000,
0.429243,
0.161656,
0.413559,
0.000000,
0.195941,
0.341688,
0.215474,
0.438053,
0.255006,
0.227409,
0.213382,
0.061112,
0.895420,
0.000000,
0.632051,
0.000000,
0.677924,
0.000000,
0.000000,
0.000000,
0.849368,
0.066086,
0.308513,
0.241369,
0.272296,
0.000000,
0.118416,
0.000000,
0.000000,
0.856302,
0.000000,
0.000000,
0.000000,
0.455722,
0.202346,
0.241383,
0.000000,
0.254532,
0.269896,
0.049173,
0.000000,
0.471361,
0.000000,
0.000000,
0.000000,
0.153222,
0.000000,
0.000000,
0.000000,
0.000000,
0.073077,
0.278538,
0.000000,
0.020054,
0.266141,
0.000000,
0.000000,
0.000000,
0.000000,
0.152964,
0.000000,
0.792899,
0.000000,
0.000000,
0.349710,
0.193574,
0.242823,
0.000000,
0.222033,
0.449656,
0.426690,
0.487970,
0.111080,
0.000000,
0.162313,
0.336771,
0.757857,
0.000000,
0.354267,
0.000000,
0.000000,
0.044377,
0.000000,
0.000000,
0.628177,
0.289654,
0.207920,
0.000000,
0.025419,
0.000000,
0.000000,
0.000000,
0.000000,
0.449664,
0.000000,
0.000000,
0.000000,
0.486949,
0.000000,
0.499944,
0.000000,
0.110950,
0.000000,
0.000000,
0.000000,
0.176834,
0.000000,
0.000000,
0.000000,
0.418080,
0.000000,
0.000000,
0.117767,
0.021121,
0.000000,
0.772643,
0.000000,
0.000000,
0.129756,
0.000000,
0.000000,
0.000000,
0.000000,
0.000000,
0.000000,
0.177656,
0.216373,
0.000000,
0.437230,
0.193752,
0.369350,
0.000000,
0.311031,
0.392781,
0.197104,
0.342514,
0.077079,
0.000000,
0.000000,
0.361113,
0.130936,
0.000000,
0.242593,
0.000000,
0.000000,
0.000000,
0.000000,
0.000000,
0.945421,
0.000000,
0.210885,
0.000000,
0.182097,
0.000000,
0.000000,
0.066528,
0.000000,
0.530297,
0.000000,
0.000000,
0.000000,
0.512789,
0.000000,
0.223405,
0.716748,
0.180091,
0.757830,
0.000000,
0.000000,
0.074459,
0.000000,
0.000000,
0.000000,
0.394252,
0.000000,
0.000000,
0.000000,
0.099679,
0.646569,
0.830663,
0.000000,
0.000000,
0.147886,
0.000000,
0.000000,
0.000000,
0.132901,
0.000000,
0.000000,
0.000000,
0.000000,
0.000000,
0.511632,
0.239627,
0.015261,
0.000000,
0.502268,
0.190335,
0.755226,
0.578950,
0.000000,
0.000000,
0.000000,
0.349560,
0.000000,
0.000000,
0.298294,
0.000000,
0.000000,
0.000000,
0.000000,
0.000000,
0.486151,
0.000000,
0.086028,
0.000000,
0.107243,
0.000000,
0.000000,
0.000000,
0.000000,
0.374317,
0.000000,
0.000000,
0.000000,
0.453554,
0.885623,
0.562521,
0.826825,
0.090015,
0.087743,
0.498383,
0.000000,
0.000000,
0.000000,
0.000000,
0.146477,
0.000000,
0.000000,
0.000000,
0.000000,
0.564042,
0.000000,
0.792242,
0.000000,
0.000000,
0.322781,
0.000000,
0.000000,
0.000000,
0.000000,
1.304042,
0.676811,
0.000000,
0.204814,
0.000000,
0.807806,
0.534723,
0.000000,
0.000000,
0.640131,
0.434458,
0.000000,
0.089855,
0.403959,
0.191138,
0.000000,
0.000000,
0.000000,
0.000000,
0.000000,
0.000000,
0.712190,
0.139561,
0.000000,
0.000000,
0.000000,
0.000000,
0.000000,
0.000000,
0.869730,
0.000000,
0.000000,
0.000000,
0.000000,
0.781636,
0.000000,
0.000000,
0.666609,
1.029834,
1.125581,
0.367512,
0.000000,
0.250921,
0.000000,
0.514236,
0.552220,
0.416405,
0.000000,
0.000000,
0.003424,
1.918370,
0.759062,
0.765889,
0.000000,
1.815652,
0.175767,
0.329984,
0.195325,
0.000000,
0.806772,
0.000000,
0.000000,
0.761751,
0.000000,
0.944244,
0.000000,
0.387568,
1.256458,
0.002774,
1.203071,
0.162193,
1.019178,
0.498746,
0.866621,
1.607704,
0.471727,
0.347287,
0.000000,
0.000000,
0.000000,
0.201970,
0.000000,
0.549214,
1.015016,
0.000000,
0.000000,
0.000000,
0.000000,
0.000000,
1.993305,
0.000000,
0.990519,
0.000000,
1.600280,
0.474564,
0.178150,
0.000000,
0.000000,
0.578694,
0.000000,
0.000000,
1.653606,
0.320454,
1.059108,
0.000000,
1.144192,
0.000000,
0.547241,
0.000000,
1.408957,
0.633117,
0.000000,
0.000000,
0.000000,
0.676356,
0.525554,
0.353372,
0.350221,
0.000000,
0.995591,
0.000000,
0.000000,
0.000000,
0.460725,
0.000000,
0.000000,
0.000000,
0.401709,
1.184848,
0.000000,
1.977483,
0.721400,
0.417605,
0.000000,
2.120833,
1.152594,
0.133361,
0.997564,
0.979270,
0.000000,
0.722173,
0.000000,
0.000000,
0.000000,
0.000000,
0.000000,
0.309688,
0.000000,
0.137197,
0.594347,
0.851041,
0.305099,
0.000000,
3.066058,
0.794208,
0.267176,
0.000000,
0.000000,
0.385267,
0.156248,
0.221683,
0.000000,
1.451693,
0.000000,
0.000000,
0.888809,
0.562795,
0.315790,
0.000000,
0.137589,
0.000000,
0.118054,
0.475073,
0.396604,
0.189974,
0.374745,
0.000000,
0.000000,
0.789336,
0.168763,
0.000000,
0.285444,
0.000000,
0.214700,
0.969330,
0.000000,
0.000000,
1.020741,
0.463208,
0.000000,
0.000000,
0.257067,
0.374859,
0.000000,
2.019940,
0.000000,
0.059668,
0.000000,
0.359175,
1.067671,
0.000000,
0.000000,
0.118597,
0.322473,
0.522148,
0.000000,
0.495795,
0.000000,
0.000000,
0.000000,
0.157930,
0.561207,
0.000000,
0.961752,
0.000000,
0.194930,
0.003411,
1.570698,
0.822885,
0.465271,
0.351339,
0.360867,
0.698269,
0.276780,
0.846437,
0.000000,
0.895379,
0.000000,
0.000000,
0.046970,
0.342441,
0.220038,
0.272379,
0.087417,
0.000000,
0.347620,
0.000000,
0.000000,
0.000000,
0.000000,
0.000000,
0.206042,
1.059817,
1.008499,
0.000000,
0.000000,
0.229939,
0.000000,
0.487670,
0.000000,
0.004739,
0.591165,
0.000000,
0.000000,
0.155586,
0.000000,
0.213685,
0.000000,
0.070100,
0.117291,
0.000000,
0.194347,
0.504750,
0.747978,
0.062152,
0.000000,
0.479265,
0.000000,
0.556576,
0.000000,
0.101411,
0.148755,
0.226434,
0.000000,
0.474201,
0.564946,
0.000000,
0.000000,
0.097128,
0.000000,
0.251796,
1.019328,
0.000000,
0.166738,
0.000000,
0.000000,
0.544802,
0.000000,
0.000000,
0.000000,
0.807533,
0.000000,
0.000000,
0.000000,
0.463953,
0.114402,
0.484359,
0.204914,
0.000000,
0.381425,
0.000000,
0.000000,
0.000000,
0.000000,
0.000000,
0.245760,
1.049576,
0.467861,
0.000000,
0.000000,
0.597934,
0.000000,
0.485319,
0.000000,
0.032773,
0.586470,
0.096613,
0.000000,
0.621047,
0.000000,
0.000000,
0.000000,
0.003324,
0.123998,
0.111496,
0.185583,
0.025727,
0.690578,
0.122137,
0.000000,
0.433166,
0.000000,
0.413730,
0.052560,
0.285716,
0.183454,
0.340771,
0.000000,
0.662124,
0.507486,
0.000000,
0.000000,
0.350581,
0.000000,
0.295731,
0.963105,
0.000000,
0.304307,
0.000000,
0.034905,
0.586565,
0.000000,
0.000000,
0.040410,
0.711665,
0.000000,
0.000000,
0.000000,
0.408202,
0.502236,
0.360096,
0.777938,
0.000000,
0.920791,
0.000000,
0.000000,
0.000000,
0.000000,
0.000000,
0.125018,
1.005322,
0.557966,
0.000000,
0.067741,
0.544904,
0.000000,
0.802268,
0.000000,
0.000000,
0.585393,
0.000000,
0.000000,
0.419276,
0.058757,
0.000000,
0.190744,
0.042049,
0.000000,
0.339543,
0.325954,
0.272875,
0.996847,
0.397857,
0.000000,
0.747560,
0.000000,
0.935464,
0.059850,
0.055005,
0.000000,
0.364376,
0.000000,
0.388874,
0.343605,
0.000000,
0.000000,
0.000000,
0.000000,
0.007060,
1.110837,
0.000000,
0.502891,
0.000000,
0.000000,
0.383929,
0.000000,
0.000000,
0.000000,
0.507099,
0.000000,
0.000000,
0.192547,
1.724066,
0.636225,
0.037933,
1.003072,
0.000000,
0.533336,
0.408092,
0.000000,
0.023799,
0.000000,
0.000000,
0.541591,
0.917235,
0.643926,
0.224936,
0.000000,
0.692434,
0.000000,
0.578185,
0.000000,
0.000000,
0.708390,
0.000000,
0.000000,
0.684203,
0.000000,
0.000000,
0.000000,
0.000000,
0.000000,
0.149036,
0.151128,
0.000000,
0.257842,
0.000000,
0.000000,
0.278244,
0.000000,
0.662783,
0.000000,
0.000000,
0.000000,
0.360702,
0.000000,
0.453949,
0.000000,
0.000000,
0.000000,
0.000000,
0.000000,
0.333705,
1.222750,
0.000000,
0.411108,
0.000000,
0.024056,
0.584264,
0.000000,
0.000000,
0.000000,
1.079542,
0.000000,
0.000000,
0.000000,
0.217332,
0.779671,
0.000000,
0.477055,
0.000000,
0.672831,
0.976931,
0.178966,
0.447099,
0.000000,
0.000000,
0.000000,
1.255970,
0.489794,
0.000000,
0.151417,
1.057980,
0.569411,
0.274789,
0.000000,
0.000000,
0.745079,
0.000000,
0.000000,
0.000000,
0.361696,
1.419592,
1.052283,
1.217011,
0.154261,
0.056214,
0.000000,
0.399375,
0.000000,
0.493527,
0.000000,
1.129620,
0.000000,
0.566795,
0.000000,
0.284961,
0.000000,
0.000000,
0.000000,
0.159575,
0.263824,
0.040568,
1.657768,
0.000000,
0.000000,
0.000000,
1.634552,
0.123624,
0.243203,
0.000000,
0.447925,
0.139106,
0.000000,
0.000000,
0.000000,
0.124744,
0.000000,
0.000000
