1,16,16,32
0.000000,0.000000,0.114072,0.000000,0.000000,0.000000,0.243145,0.006099,0.000000,0.000000,0.000000,0.050599,0.030668,0.116851,0.006632,0.239547,
0.065294,0.000000,0.000000,0.000000,0.000000,0.000000,1.039191,0.000000,0.000000,0.000000,0.222094,0.508883,0.217752,0.252220,0.113515,0.198039,
0.000000,0.338470,0.208794,0.000000,0.000000,0.000000,1.315587,0.000000,0.088635,0.000000,0.174351,0.654676,0.699457,0.750169,0.221553,0.312948,
0.872666,0.878116,0.542179,0.000000,0.000000,0.000000,0.000000,0.482015,0.229217,0.000000,0.888250,0.426420,0.592986,0.810640,0.044511,0.553544,
1.174556,0.296423,2.326522,0.000000,0.011480,1.558663,0.568257,0.841631,0.314848,0.188631,0.566203,0.859145,0.090640,0.716906,0.890150,0.734812,
0.541207,0.740708,2.793887,0.130600,0.000000,1.775680,0.892969,1.008501,0.851940,0.000000,0.886925,0.965196,0.000000,0.381852,0.876595,0.609226,
0.742305,1.059942,2.616789,0.548504,0.000000,0.821852,0.447527,1.550770,1.047197,0.000000,1.308693,0.983372,0.111293,0.000000,0.795063,1.075161,
0.582299,1.115012,2.503404,0.826586,0.000769,0.000000,1.151146,0.832855,0.828209,0.000000,0.967162,0.776438,0.066129,0.174190,1.010461,0.833336,
0.575563,0.274135,2.092650,0.774440,1.537892,0.000000,1.279210,0.187171,0.504854,0.603860,0.000000,0.828988,0.098977,0.511028,0.697794,0.590741,
0.318883,0.028670,1.893133,0.195193,0.937401,1.523486,0.032893,0.205649,1.490481,0.593818,0.791880,0.544862,0.161452,0.630915,0.233235,0.631199,
0.000000,0.681658,1.508751,0.239670,2.015865,1.294322,0.000000,0.440505,1.594194,1.295718,0.332802,0.233274,0.000000,0.356986,0.409427,2.319653,
0.000000,0.775324,1.360641,0.000000,1.130194,1.979674,0.009807,0.138004,0.920255,0.751920,0.023916,0.000000,0.000000,0.097889,0.259469,3.227754,
0.748148,0.086536,0.674804,0.000000,1.817456,1.160441,0.145165,0.209297,0.045443,0.057078,0.000000,0.000000,0.094882,0.153236,0.080196,3.739038,
0.825674,0.580986,0.004111,1.540796,2.089007,0.007995,0.339954,0.147932,0.042369,0.000000,0.000000,0.000500,0.230709,0.009086,0.631038,3.734288,
0.744329,0.285484,0.446250,0.993091,1.588313,0.000000,0.233149,0.317447,0.000000,0.000000,0.171252,0.204663,0.000000,0.134906,1.258808,2.813244,
0.879220,0.192466,0.473916,0.474716,0.344055,0.000000,0.000000,0.025155,0.000000,0.003946,0.384818,0.211072,0.000000,0.534653,0.998617,2.725995,
0.332290,0.189654,0.271089,0.303659,0.414272,0.301628,0.304833,0.280139,0.415775,0.622427,0.642149,0.450407,0.230841,0.206449,0.217906,0.499272,
0.387207,0.350620,0.128484,0.351706,0.312195,0.774502,0.593341,0.853794,0.861871,0.592119,0.576034,0.637824,0.558561,0.388291,0.476121,0.603159,
1.229247,0.474474,0.649235,0.311942,0.334408,0.462130,1.114644,0.802882,0.339384,0.000000,0.000000,0.401995,0.599481,0.758382,0.455094,0.533483,
0.617416,0.920304,0.545503,0.362909,1.087370,0.414216,0.228302,0.263181,0.359562,0.349075,0.120639,0.113987,0.208776,0.625921,0.234065,0.646749,
0.250076,0.571282,1.016733,0.875031,0.271463,0.893177,0.129793,0.251499,0.176810,0.000000,0.000000,0.190341,0.032447,0.217347,0.541399,0.904029,
0.000000,0.097372,0.658721,0.757208,0.000000,0.000000,0.000000,0.058187,0.327736,0.000000,0.285859,0.068644,0.000000,0.188573,0.285377,0.380250,
0.000000,0.300264,0.570155,0.391644,0.000000,0.052533,0.057892,0.250679,0.181860,0.000000,0.000000,0.059262,0.000000,0.000000,0.000000,0.881204,
0.000000,0.000000,0.918705,0.689389,0.983592,0.462056,0.833801,0.000000,0.000000,0.000000,0.332402,0.014891,0.000000,0.058131,0.000000,0.659863,
0.000000,0.000000,0.712005,0.783581,0.998660,0.000000,0.000000,0.217821,0.000000,0.698835,0.267247,0.406005,0.051044,0.000000,0.182111,0.732846,
0.000000,0.000000,0.422238,0.000000,0.704036,0.705704,0.000000,0.155773,0.465558,0.284880,0.658265,0.361074,0.186614,0.384933,0.394808,0.667915,
0.000000,0.000000,0.000000,0.000000,0.785099,1.544328,0.368397,0.073548,0.310364,0.499843,0.128659,0.243207,0.531184,1.151633,1.261544,1.231711,
0.000000,0.096262,0.150519,0.000000,0.564354,0.651584,0.077481,0.000000,0.041807,0.258474,0.374889,0.242122,0.078234,0.217761,0.264855,0.574726,
0.208282,0.248249,0.000000,0.321138,0.222940,0.000000,0.000000,0.000000,0.000000,0.000000,0.000000,0.000000,0.000000,0.000000,0.000000,0.694309,
0.019988,0.110768,0.146892,0.532607,0.054531,0.000000,0.000000,0.000000,0.000000,0.000000,0.000000,0.000000,0.000000,0.092384,0.054690,0.250590,
0.000000,0.000000,0.305561,0.106742,0.638387,0.000000,0.000000,0.000000,0.000000,0.000000,0.000000,0.000000,0.000000,0.000000,0.000000,0.417775,
0.000000,0.000000,0.000000,0.000000,0.000000,0.000000,0.000000,0.000000,0.000000,0.000000,0.000000,0.000000,0.000000,0.000000,0.000000,0.256679,
2.331229,0.000000,0.000000,0.000000,0.000000,0.000000,0.000000,0.000000,0.031413,0.000000,0.000000,0.313208,0.657050,0.000000,0.000000,0.000000,
0.026380,0.000000,0.000000,0.000000,0.203730,2.959317,0.000000,0.207876,0.200620,2.486783,0.921101,0.000000,0.346673,1.130092,0.545917,0.000000,
0.000000,2.243227,1.629082,0.000000,0.000000,0.000000,2.791751,0.491165,1.834222,2.478474,0.201861,0.947795,0.000000,0.131655,1.342060,0.000000,
0.485988,1.483063,1.308128,0.083761,0.824131,2.401355,2.407830,0.189439,0.000000,0.999082,2.145136,0.098866,0.951878,0.000000,0.876651,1.302921,
2.165698,1.594028,0.000000,2.115103,4.296600,0.000000,0.000000,0.902586,0.000000,2.210031,1.675237,0.227898,0.828790,0.384987,0.000000,1.597275,
0.599350,1.712784,0.146193,0.023990,2.624059,1.583460,2.703377,0.087263,0.999088,2.945997,0.000000,0.753910,0.412306,0.527236,0.609528,0.041584,
0.952936,0.806995,1.718335,1.366262,0.000000,3.594594,1.505091,2.342661,0.232013,0.558381,0.660549,1.166031,0.000000,1.322920,0.254854,0.000000,
1.097975,2.040087,0.173638,1.443265,0.000000,2.651024,0.000000,1.803742,1.277969,0.000000,1.187581,0.000000,0.823129,0.000000,1.170208,0.330894,
1.099132,1.561469,1.669258,2.296891,1.495087,0.344505,2.516632,1.691687,1.739264,0.000000,3.634968,0.582731,0.485326,0.975222,0.777767,0.000000,
1.895100,0.000000,1.621454,0.603309,2.251474,0.936700,3.008369,2.507541,0.000000,2.534069,0.723852,1.822833,1.381311,0.223425,0.000000,0.250350,
2.573162,0.352777,0.351946,4.026320,2.641736,1.514075,1.105806,0.692443,1.621769,0.960792,2.848336,2.032635,0.000000,0.283832,0.934535,1.392338,
0.710237,3.025060,2.449051,2.123332,0.000000,2.562656,0.089844,0.700018,2.133763,2.126721,0.730145,0.000000,0.370375,0.000000,0.461855,0.094123,
0.221963,1.204433,4.192600,1.769005,2.911524,4.311081,0.257651,0.000000,0.000000,0.128331,0.251246,0.359238,0.159914,0.400263,1.388693,1.214720,
0.098366,0.000000,2.073954,2.038479,2.396388,0.000000,0.326019,0.062417,0.094694,0.083321,0.000000,0.000000,0.597489,1.444957,0.807845,1.437276,
0.030989,0.000000,0.000000,2.858480,3.089120,0.351981,0.657193,0.707009,0.314167,0.107430,0.000000,0.328348,1.654120,0.306230,0.043357,0.088758,
0.426203,0.000000,0.000000,0.000000,0.402975,0.000000,0.000000,0.000000,0.616235,0.805667,0.000000,0.019219,0.263517,0.000000,0.708454,0.812202,
0.461707,0.335031,0.441806,0.532214,0.748566,0.695324,0.400502,0.582431,0.791109,0.573405,0.000000,0.000000,0.169388,0.543124,0.545870,0.528465,
0.735914,0.796252,0.604120,0.630768,0.589159,1.388308,2.135107,0.712381,0.696709,0.690649,1.338090,1.805100,1.331941,0.267287,0.543971,0.607806,
0.396279,0.309865,0.601084,0.654531,0.690449,1.028772,0.628157,1.716882,0.749188,0.436584,0.567024,0.745141,0.995652,0.871281,0.381133,0.707207,
1.426111,1.776952,1.369113,0.739344,1.086884,1.246854,0.932120,1.068150,0.712156,0.358674,0.866076,0.707073,0.092124,0.573140,0.351131,0.129059,
1.732314,1.503390,1.578640,1.175293,3.439616,3.851105,0.784170,0.736969,0.699556,0.642750,1.188147,1.349650,0.656727,0.963433,1.079294,0.000000,
0.809584,0.651689,1.009747,1.399227,1.335433,0.400151,0.888268,1.577787,1.154089,1.270520,1.004923,0.284592,0.293844,0.647321,1.208951,0.980488,
1.208714,0.828760,1.160176,0.602010,1.223802,0.824664,0.804597,1.247220,0.815055,1.017220,0.486720,1.018314,1.008906,0.804408,0.513254,0.690212,
1.041745,0.785223,1.754709,0.715643,1.478216,1.096643,2.277808,0.000000,0.397341,0.528865,0.130213,1.220070,0.591244,0.238076,0.179096,0.297523,
1.091682,0.849307,1.238500,0.824372,1.419000,0.932366,0.901231,1.111470,1.068722,2.783511,2.047307,0.000000,0.241096,0.245966,0.654379,0.670352,
0.059455,0.558844,0.582023,1.427778,0.958558,1.940385,0.739333,1.070220,1.570732,0.000000,1.334421,0.239699,0.684145,1.104471,0.617162,0.473825,
0.083541,0.727217,0.882121,1.466110,4.736395,3.415338,3.055811,1.503140,2.096495,2.111812,1.474317,1.690573,1.469822,0.892894,0.878729,0.935500,
0.397548,0.346873,1.113595,1.441750,0.713225,0.195893,1.169814,1.104399,0.413214,0.093175,0.295174,0.338736,0.267292,0.533872,0.375490,0.305272,
1.517312,0.776716,0.477504,0.508246,0.564612,0.081504,0.206010,0.200517,0.330647,0.324250,0.391987,0.490406,0.398887,0.336757,0.575866,0.875496,
0.158680,0.873541,0.607340,0.333581,0.690316,0.356785,0.556031,0.609254,0.203724,0.261077,0.329190,0.199398,0.214164,0.618895,0.196373,0.000000,
0.378371,0.160574,0.844630,1.408193,0.368823,0.145317,0.000000,0.613907,0.703370,0.697779,0.663072,0.332787,0.431589,0.774668,1.015554,0.331733,
0.000000,0.217186,0.000000,0.377543,0.110297,0.236683,0.421015,0.000000,0.000000,0.000000,0.278153,0.137618,0.000000,0.000000,0.000000,0.365839,
0.000000,0.330389,0.299997,0.399937,0.500337,1.086286,0.000000,0.140872,1.541151,1.848371,1.729283,0.554916,0.448815,0.221277,0.881562,3.780411,
0.016497,0.473183,0.497201,0.416408,0.853532,1.676622,0.511345,1.841936,2.585377,2.530465,2.405741,0.877833,0.735772,0.000000,0.848423,3.916620,
2.104378,0.551923,0.448209,0.405853,0.794855,2.168369,1.486786,2.363692,2.151609,2.378028,1.680158,0.000000,0.104785,0.000000,0.010768,3.999054,
2.359428,0.000000,0.000000,1.118054,2.327571,2.653066,2.627993,2.086155,1.048432,0.500156,0.000000,0.225542,0.474670,0.000000,0.000000,3.847525,
1.893399,0.000000,0.000000,3.000687,4.024148,2.578117,2.145108,0.681219,0.511285,0.000000,0.884730,0.433164,0.556849,0.230939,0.000000,3.281644,
2.100330,0.135121,0.000000,3.458255,3.841251,0.305380,0.783289,0.554673,0.669525,0.781835,1.098908,0.346340,0.431231,0.408929,0.005274,1.734716,
1.710349,0.585260,0.000000,2.931579,4.002831,1.395288,1.825223,0.652102,0.927784,0.915556,0.352049,0.400218,0.376024,0.670167,0.051972,0.864321,
1.544507,0.590969,0.000000,2.096422,3.561856,1.919612,1.901220,0.000000,0.456016,0.379959,0.192460,0.227071,0.291199,0.043009,0.000000,2.464250,
2.122551,0.517790,0.210825,0.000000,1.681153,1.851259,0.000000,1.760932,0.742171,0.963555,2.011653,0.108329,0.108879,0.000000,0.000000,3.856700,
1.824423,0.307171,0.000000,0.340910,0.379851,0.648961,0.583732,1.858701,0.641910,0.617569,1.743423,0.743872,0.746527,0.000000,0.783132,4.499438,
2.373941,0.439029,0.891509,0.991194,0.648915,1.455447,1.797199,1.584297,0.880299,1.741481,2.267204,1.565134,1.580997,1.866428,3.208204,3.615877,
4.210468,0.291265,0.775367,1.303060,2.198875,0.970341,0.661991,0.836598,1.182890,2.023553,1.878132,1.194499,1.020035,0.606028,0.935505,0.908100,
4.786177,0.000000,0.000000,2.039930,2.012950,1.087843,0.448207,0.331412,0.525691,0.494929,0.481038,0.284188,0.193206,0.614122,0.477195,0.433632,
4.936237,0.000000,0.000000,1.541605,1.602975,0.794676,0.022987,0.000000,0.298862,0.343398,0.648129,0.075781,0.035665,0.866298,0.605991,0.000000,
4.924557,0.000000,0.000000,0.179757,0.887447,0.218448,0.000000,0.000000,0.375561,0.361773,0.304857,0.000000,0.352293,0.789602,0.000000,0.000000,
4.334593,0.000000,0.000000,0.000000,0.267541,0.000000,0.000000,0.000000,0.039023,0.160245,0.000000,0.000000,0.225385,0.350807,0.000000,0.000000,
2.375035,0.976037,0.934308,0.913657,0.837359,0.889109,0.977621,0.871227,0.776982,0.860327,0.776527,0.872229,0.849004,0.804440,0.775014,0.611937,
2.144947,0.638963,0.579024,0.503307,0.588904,1.488261,0.434820,0.616831,0.559376,0.669788,0.460017,0.261628,0.419308,0.630806,0.599432,0.351078,
2.113059,0.792967,0.811861,0.496477,0.494061,0.864771,0.000000,0.108246,0.535639,0.970046,0.214065,0.000000,0.281777,0.560689,0.948813,0.381328,
1.764622,1.574141,1.141419,0.621022,0.699853,0.798961,0.912344,0.288568,0.416824,0.762129,0.124655,0.000000,0.000000,0.076716,1.084186,0.790152,
1.839510,1.335701,0.338587,1.293694,1.867618,0.767831,0.434287,0.000000,0.000000,1.464302,0.979254,0.000000,0.178558,0.000000,0.794724,1.004392,
1.140877,0.457442,0.000000,0.243513,0.604632,0.000000,0.585232,0.000000,0.013784,2.227393,0.764967,0.000000,0.185721,0.000000,0.235132,0.604061,
1.077147,0.773413,0.347826,0.756632,0.307741,0.720536,0.832858,0.000000,0.000000,1.394379,0.000000,0.000000,0.150066,0.392397,0.117934,0.198880,
1.643859,0.397347,0.214366,0.968959,0.596099,1.271613,0.000000,0.000000,0.000000,0.672767,0.000000,0.000000,0.308574,0.279974,0.252936,0.580899,
1.912157,0.000000,0.000000,0.622662,0.085835,0.000000,0.006485,0.388628,0.664100,0.349948,0.009608,0.000000,0.188225,0.692722,0.758157,0.511223,
1.912710,0.000000,0.000000,0.579675,0.000000,0.143435,0.797813,1.065936,0.154796,0.467458,0.000000,0.203612,0.842024,0.969961,0.411156,0.253885,
2.123809,0.000000,0.000000,1.863631,0.635911,0.585113,1.187635,0.483394,0.000000,0.000000,0.421534,0.624458,0.506590,0.608679,0.057605,0.131302,
1.343003,0.000000,0.000000,1.101152,0.000000,0.000000,0.000000,0.000000,0.000000,0.000000,0.010381,0.000000,0.000000,0.000000,0.000000,0.000000,
0.468231,0.000000,0.861163,0.991880,0.000000,0.000000,0.000000,0.000000,0.000000,0.000000,0.000000,0.000000,0.000000,0.000000,0.000000,0.000000,
0.388368,0.000000,0.987425,0.494029,0.000000,0.000000,0.000000,0.000000,0.000000,0.000000,0.000000,0.000000,0.000000,0.000000,0.000000,0.000000,
0.481412,0.000000,0.000000,0.000000,0.000000,0.000000,0.000000,0.000000,0.000000,0.000000,0.000000,0.000000,0.104722,0.000000,0.000000,0.000000,
0.479628,0.000000,0.000000,0.000000,0.000000,0.000000,0.000000,0.000000,0.000000,0.000000,0.000000,0.000000,0.000000,0.000000,0.000000,0.000000,
0.227599,0.278791,0.344152,0.294228,0.282283,0.222348,0.265137,0.299728,0.310543,0.250878,0.293129,0.246676,0.286273,0.263102,0.283717,1.322048,
0.031874,0.088230,0.100810,0.128053,0.136287,0.055032,0.896921,0.073766,0.182799,0.202609,0.296070,0.292720,0.095784,0.000000,0.152616,1.374696,
0.122401,0.000000,0.064822,0.123861,0.086932,0.000377,0.775814,0.409158,0.231071,0.000000,0.409225,0.446572,0.526123,0.225122,0.003684,1.451268,
1.344215,0.295786,0.152519,0.059419,0.210663,0.375496,0.418037,0.806775,0.099616,0.000000,0.637857,0.479131,0.567243,0.469734,0.000000,1.522847,
1.404838,0.182241,0.678099,0.041674,0.620863,1.171896,0.746789,0.825517,0.316472,0.117892,0.553013,0.788488,0.283614,0.547489,0.363500,1.334535,
0.824127,0.000000,0.996198,0.445504,0.000000,1.112761,0.808009,1.019543,0.867981,0.000000,0.735599,0.930504,0.046332,0.545800,0.605437,0.959920,
0.664684,0.640385,1.093765,0.755939,0.000000,0.443650,0.656132,1.291267,1.013805,0.000000,1.004891,0.939933,0.289751,0.095434,0.395169,1.160805,
0.418788,0.994565,1.476419,0.708016,0.260716,0.000000,0.966993,0.558268,0.720055,0.000000,0.810454,0.763836,0.203103,0.000000,0.387466,1.467174,
0.629398,0.396410,1.552982,0.113428,0.793299,0.000000,0.625961,0.275813,0.381966,0.449046,0.000000,0.768812,0.119236,0.000000,0.186373,1.654207,
0.536231,0.303922,1.348224,0.190078,0.760334,0.865469,0.172111,0.759104,1.209903,0.567706,0.501438,0.569994,0.000000,0.000000,0.182205,1.668554,
0.000000,0.462855,1.320377,0.196691,1.497308,1.369833,0.000000,0.724031,1.384324,0.504297,0.317366,0.159420,0.000000,0.000000,0.136802,1.427003,
0.000000,0.066248,1.123257,0.000000,1.445048,1.529395,0.011890,0.053315,0.334003,0.399883,0.074224,0.000000,0.035602,0.068409,0.163714,1.376799,
0.230034,0.000000,0.024353,0.421996,2.045818,0.870824,0.153972,0.137348,0.106107,0.069685,0.008929,0.038517,0.069148,0.133494,0.130863,1.829706,
0.401425,0.172667,0.000000,1.150458,2.155926,0.136246,0.262475,0.164762,0.066155,0.043569,0.047616,0.032227,0.147345,0.061641,0.197202,1.720671,
0.454778,0.177338,0.109452,0.659926,0.922588,0.016139,0.149641,0.208184,0.070568,0.133414,0.274878,0.176291,0.000000,0.456012,0.730719,1.104542,
0.465908,0.193703,0.139151,0.082132,0.280813,0.000000,0.000000,0.003082,0.000000,0.071195,0.343087,0.197245,0.000000,0.592368,0.787158,1.118601,
1.367653,0.000000,0.198737,0.080212,0.233105,0.023808,0.143255,0.008059,0.000000,0.283303,0.226478,0.267860,0.301073,0.117654,0.000000,0.000000,
1.605554,0.158847,0.163737,0.014162,0.206674,1.124339,1.228403,0.116391,0.331704,0.621935,0.214279,0.512205,0.706971,1.077503,0.000000,0.000000,
1.346471,1.986650,0.000000,0.239923,0.000000,3.499438,0.000000,1.477624,1.115451,0.301179,0.588086,0.420375,0.708338,1.412604,0.875140,0.117972,
1.891503,1.483997,1.859575,0.024981,0.212364,1.613998,0.308118,0.128698,0.626187,2.313431,0.204673,1.205529,0.932577,0.147443,1.681932,0.000000,
1.583365,2.171631,1.503649,2.550104,1.048200,1.502064,1.397747,0.466154,0.833024,1.567008,1.896806,0.668344,0.742242,0.356939,2.275211,2.267740,
2.663787,1.490894,1.319327,0.193913,4.452076,0.168246,1.014971,1.876728,0.114993,1.841125,1.698972,1.171015,1.210502,0.680563,0.000000,2.186506,
2.330067,0.366289,3.155682,0.165259,2.287515,1.341139,2.440678,0.743817,1.893086,0.852368,2.547359,1.120261,0.593887,1.002370,0.077653,1.077628,
2.812910,2.056749,2.308285,1.408601,2.481012,1.621014,4.586261,0.000000,0.694252,1.278877,1.855055,0.167052,0.526422,0.590800,0.838491,0.440815,
2.470374,1.685540,0.789204,3.583080,2.022076,2.149993,2.642933,0.463412,1.470860,1.885314,2.523980,0.424061,0.132249,1.080460,1.218355,0.601695,
4.191848,0.886942,1.468169,1.751475,2.138388,2.966869,2.266236,1.503067,1.959392,2.663463,1.884233,2.327749,1.202592,0.792197,0.614834,0.219915,
4.831365,0.543196,0.715944,1.429414,2.959003,4.802606,3.381689,2.868311,0.000000,1.381503,1.489850,0.772155,2.414567,1.652871,0.723686,1.200234,
3.970720,0.721590,2.005709,1.038144,3.514586,1.859843,0.661266,0.508846,0.651385,0.873019,0.189981,0.496123,0.460948,0.741216,0.664053,1.139697,
1.401533,2.063034,2.797075,0.832484,3.450249,0.000000,0.448919,0.431325,0.259003,0.292216,0.487456,0.367456,0.726929,0.472610,0.586550,1.318654,
0.848094,0.136932,2.771403,2.465905,2.568832,0.633370,0.469196,0.521682,0.302658,0.385183,0.490822,0.443743,0.372521,0.654054,0.384447,2.199745,
0.565271,0.635484,0.566496,4.841858,0.125645,0.284324,0.559688,0.460133,0.265548,0.341697,0.600917,0.682928,0.528298,1.135099,1.104039,3.062738,
2.817078,0.479653,0.506878,1.594418,0.000000,0.000000,0.411940,0.580131,0.080530,0.079561,0.469466,0.453293,0.270062,0.276987,1.052000,2.500628,
0.598997,0.705317,0.599183,0.576963,0.585308,0.577491,0.610264,0.762673,0.727025,0.397203,0.192334,0.320508,0.361270,0.372976,0.443819,0.354293,
0.668819,0.767667,0.638980,0.608369,0.678619,0.970405,0.478732,0.651947,0.460018,0.345727,0.000000,0.008663,0.239838,0.394488,0.402404,0.309279,
0.495429,0.723417,0.735228,0.660028,0.734883,1.061205,0.681838,0.058668,0.326780,0.280413,0.000000,0.000000,0.000000,0.235973,0.423173,0.283320,
0.160497,0.753063,0.663857,0.694150,0.589053,0.462364,0.531366,0.000000,0.000000,0.203400,0.021498,0.000000,0.000000,0.000000,0.402789,0.385976,
0.000000,0.000000,0.180026,0.944668,0.600654,0.000000,0.000000,0.000000,0.000000,0.571066,0.322478,0.000000,0.000000,0.000000,0.234800,0.440033,
0.000000,0.035663,0.237329,0.824251,1.102894,0.312708,0.266983,0.000000,0.000000,0.625037,0.000000,0.000000,0.000000,0.000000,0.000000,0.000000,
0.000000,0.117208,0.458788,0.494607,0.780314,0.682794,0.358502,0.000000,0.000000,0.257502,0.000000,0.000000,0.000000,0.000000,0.000000,0.000000,
0.000000,0.000000,0.000000,0.315093,0.319364,0.689397,0.000000,0.006297,0.000000,0.296718,0.043964,0.000000,0.000000,0.000000,0.413874,0.366920,
0.000000,0.000000,0.000000,0.000000,0.287213,0.381018,0.498474,0.161921,0.000000,0.174542,0.566373,0.000000,0.033985,0.254725,0.410718,0.223663,
0.401476,0.000000,0.000000,0.000000,0.000000,0.143024,0.308617,0.093873,0.000000,0.000000,0.000000,0.000000,0.000000,0.332707,0.370078,0.524917,
0.658460,0.000000,0.000000,0.404675,0.000000,0.000000,0.000000,0.000000,0.000000,0.000000,0.000000,0.000000,0.000000,0.000000,0.000000,0.000000,
0.150256,0.000000,0.000000,0.289611,0.000000,0.000000,0.000000,0.000000,0.000000,0.000000,0.000000,0.000000,0.000000,0.000000,0.000000,0.000000,
0.000000,0.005281,0.543793,0.473044,0.000000,0.000000,0.000000,0.000000,0.000000,0.000000,0.000000,0.000000,0.000000,0.000000,0.000000,0.000000,
0.000000,0.000000,0.380358,0.021664,0.000000,0.000000,0.000000,0.000000,0.000000,0.000000,0.000000,0.000000,0.000000,0.000000,0.000000,0.000000,
0.000000,0.000000,0.000000,0.000000,0.000000,0.000000,0.000000,0.000000,0.000000,0.000000,0.000000,0.000000,0.000000,0.000000,0.000000,0.000000,
0.000000,0.000000,0.000000,0.000000,0.000000,0.000000,0.000000,0.000000,0.000000,0.000000,0.000000,0.000000,0.000000,0.000000,0.000000,0.000000,
1.405674,1.615844,1.623613,1.681822,1.698602,1.526258,1.711299,1.803520,1.816658,1.591710,1.375024,1.288370,1.467623,1.460849,1.460105,1.444148,
0.089957,0.000000,0.016977,0.016482,0.017028,0.845931,0.308451,0.000000,0.000000,0.000000,0.000000,0.000000,0.000000,0.000000,0.009060,0.483735,
0.000000,0.000000,0.000000,0.012156,0.046879,0.000000,0.000000,0.000000,0.000000,0.000000,0.126195,0.062631,0.264433,0.000000,0.000000,0.427461,
0.079689,0.175671,0.000000,0.000000,0.000000,0.000000,0.083307,0.171357,0.046810,0.000000,0.167124,0.000000,0.075139,0.147986,0.000000,0.370152,
0.490344,0.460280,0.064727,0.000000,0.933078,0.790442,0.000000,0.310822,0.000000,0.000000,0.019657,0.353192,0.068163,0.391039,0.255531,0.158388,
0.000000,0.000000,0.149387,0.336395,0.000000,0.000000,0.506236,0.436060,0.579637,0.000000,0.219722,0.000000,0.000000,0.123195,0.311249,0.156871,
0.011083,0.000000,0.000000,0.383681,0.000000,0.145283,0.026487,0.498124,0.333404,0.000000,0.000000,0.271218,0.050344,0.057341,0.360419,0.926755,
0.146799,0.000000,0.721951,0.000000,0.043471,0.046928,0.175573,0.000000,0.000000,0.186348,0.115826,0.211749,0.000000,0.000000,0.451388,0.980047,
0.000000,0.000000,0.467067,0.000000,0.311233,0.000000,0.000000,0.366534,0.000000,0.235907,0.000000,0.000000,0.000000,0.457282,0.651344,0.542826,
0.000000,0.000000,0.533008,0.000000,0.038891,0.088683,0.000000,0.582660,0.772993,0.000000,0.376420,0.000000,0.420844,0.654600,0.651507,0.529776,
0.000000,0.000000,0.000000,0.048243,1.404409,1.071512,0.272404,0.000000,0.528397,0.000000,0.000000,0.023863,0.000000,0.000000,0.000000,0.000000,
0.000000,0.000000,0.258428,0.479975,0.000000,0.000000,0.000000,0.000000,0.000000,0.000000,0.000000,0.000000,0.000000,0.000000,0.000000,0.293177,
0.000000,0.000000,0.000000,0.000000,0.000000,0.000000,0.000000,0.000000,0.000000,0.000000,0.000000,0.000000,0.000000,0.000000,0.000000,0.734087,
0.000000,0.000000,0.000000,0.000000,0.076142,0.000000,0.047840,0.000000,0.000000,0.000000,0.000000,0.000000,0.000000,0.000000,0.000000,0.000000,
0.005438,0.000000,0.000000,0.000000,0.000000,0.000000,0.000000,0.000000,0.001085,0.168122,0.175042,0.000000,0.212933,0.391960,0.036802,0.045368,
0.057254,0.000000,0.000000,0.000000,0.000000,0.000000,0.000000,0.000000,0.000000,0.000000,0.000000,0.047488,0.000000,0.000000,0.000000,0.156985,
0.037816,0.000000,0.000000,0.000000,0.000000,0.000000,0.000000,0.000000,0.000000,0.000000,0.008048,0.006010,0.000000,0.000000,0.000000,0.000000,
0.000000,0.000000,0.000000,0.000000,0.000000,0.000000,0.020432,0.000000,0.328461,0.436977,0.839070,0.777537,1.078139,0.277741,0.000000,0.000000,
0.384459,0.260275,0.000000,0.000000,0.000000,1.563111,0.649178,1.519855,1.246755,0.000000,0.000000,0.000000,0.412613,0.810406,0.019377,0.000000,
1.359035,1.648227,0.366153,0.000000,0.130541,0.565893,0.000000,0.000000,0.044752,0.418020,0.065021,0.210620,0.000000,0.847366,0.770567,0.000000,
0.000000,0.000000,0.085247,0.000000,0.015850,0.010421,0.000000,0.150253,0.418362,0.976787,0.000000,0.377201,0.000000,0.280899,1.276241,0.268515,
0.007887,0.000000,0.000000,2.057257,0.985062,0.000000,0.000000,0.000000,0.169610,0.000000,0.000000,0.000000,0.147706,0.000000,0.916314,0.981897,
0.087953,0.329970,0.573213,0.105852,0.609518,0.184997,0.000000,0.000000,0.000000,0.000000,0.024845,0.013878,0.341763,0.000000,0.000000,0.000000,
0.000000,0.000000,0.541661,0.071284,0.550724,0.000000,0.768093,0.210323,0.000000,0.187389,0.000000,0.302828,0.167305,0.000000,0.000000,0.000000,
0.000000,0.000000,0.531588,0.000000,0.858806,1.526037,0.498022,0.124262,0.000000,1.883282,1.105190,0.371109,0.633292,0.473795,0.000000,0.000000,
0.000000,0.000000,0.000000,0.308303,0.158929,0.999742,0.000000,0.000000,0.773953,0.000000,1.256677,0.334562,0.116964,0.000000,0.000000,0.000000,
0.000000,0.000000,0.000000,0.000000,1.199286,0.799648,0.000000,0.000000,0.800190,1.823877,1.011698,0.588333,0.745463,0.680838,0.729598,0.622009,
1.379954,0.000000,0.000000,0.000000,1.134182,1.376977,1.770150,1.724533,0.664609,0.043294,0.000000,0.047504,0.019517,0.101005,0.000000,0.000000,
2.000467,1.428991,0.155390,0.168141,0.687111,0.000000,0.000000,0.004789,0.002652,0.008564,0.025073,0.000000,0.000000,0.000000,0.000000,0.000000,
0.000000,1.491348,1.141196,0.265230,0.000000,0.000000,0.000000,0.000000,0.000000,0.000000,0.148032,0.134270,0.254277,0.285811,0.637516,0.549503,
0.000000,0.000000,2.380973,2.465201,0.608546,0.420517,0.000000,0.000000,0.063225,0.000000,0.000000,0.103934,0.000000,0.078174,0.915303,0.391227,
0.000000,0.000000,0.000000,0.523317,0.092825,0.502600,0.688894,0.408239,0.105764,0.000000,0.000000,0.000000,0.000000,0.000000,0.000000,0.369421,
0.246127,0.209875,0.120183,0.128117,0.283264,0.361357,0.000000,0.170541,0.460939,0.333898,0.269089,0.188498,0.198490,0.134130,0.347988,0.368648,
0.199930,0.197752,0.184184,0.180528,0.260253,1.080646,0.169741,0.359833,0.410644,1.449984,1.349731,1.004344,1.069516,0.506005,0.268544,0.382056,
0.091781,0.575675,0.501584,0.256275,0.259467,0.976311,1.256407,2.172526,1.927684,1.330673,0.194971,0.097522,0.407090,0.390827,0.421890,0.384649,
1.063910,1.482156,0.281821,0.417635,0.638314,1.577849,1.498383,0.633454,0.274735,0.132662,0.160967,0.166042,0.541383,0.434548,0.242450,0.395590,
0.728905,0.540012,0.000000,1.244302,1.966081,1.374713,0.157543,0.434292,0.209899,1.028818,0.698633,0.534242,0.560945,0.267965,0.102871,0.395250,
0.610011,0.442129,0.000000,0.373787,1.581599,0.355518,0.653062,0.378074,0.447751,0.727016,0.000000,0.587671,0.336252,0.291565,0.194013,0.394331,
0.892014,0.649096,0.356466,0.386785,0.921040,1.424170,0.751807,0.287214,0.008092,0.223419,0.570009,0.810403,0.693224,0.603589,0.174320,0.000000,
0.362651,0.550548,0.376769,0.761593,1.356556,1.059343,0.695226,0.670147,0.650034,0.314808,0.410749,0.781742,0.444037,0.000000,0.000000,0.000000,
0.399926,0.343974,0.447023,0.442823,0.695101,1.289698,1.464391,1.130173,0.710985,1.651825,2.094459,0.598925,0.748289,0.464835,0.345300,0.303143,
0.586725,0.288085,0.308609,1.209955,0.495993,0.787052,1.244200,0.440901,0.189967,0.173015,0.365298,0.972782,0.948652,0.000000,0.176887,0.625506,
0.986500,0.467819,0.799304,1.556667,1.466375,1.777110,1.738265,0.218564,0.340956,1.330253,1.838891,1.540715,0.847403,1.575749,1.734146,1.848403,
0.968164,0.554180,0.975762,0.630673,0.344232,2.168648,1.964322,1.943514,1.692031,1.097668,0.545835,0.597472,0.684007,0.639546,0.671211,0.553191,
1.514593,0.998152,1.128307,0.407397,2.081154,1.933404,0.404777,0.318733,0.427107,0.531917,0.470306,0.560851,0.418326,0.384076,0.778756,0.975960,
1.035399,0.511792,0.543342,0.527782,1.672771,0.447701,0.436509,0.338104,0.245014,0.225006,0.436943,0.383369,0.672366,1.200019,0.557034,0.559333,
1.137249,0.169054,0.397939,1.604833,1.226359,0.675327,0.164371,0.347203,0.609488,0.452744,0.321097,0.485828,0.773500,0.302634,0.757798,0.704275,
0.984199,0.060173,0.113989,0.514154,0.462530,0.359550,0.618353,0.215801,0.172759,0.160286,0.154348,0.120317,0.000000,0.000000,0.314897,0.037630,
0.000000,0.000000,0.000000,0.000000,0.000000,0.000000,0.000000,0.000000,0.000000,0.000000,0.000000,0.000000,0.000000,0.000000,0.000000,0.423795,
0.000000,0.000000,0.000000,0.000000,0.000000,0.000000,0.000000,0.000000,0.000000,0.000000,0.000000,0.000000,0.000000,0.000000,0.000000,0.277504,
0.000000,0.000000,0.000000,0.000000,0.000000,0.000000,0.000000,0.000000,0.063903,0.000000,0.000000,0.000000,0.000000,0.152258,0.000000,0.234673,
0.014202,0.134663,0.000000,0.000000,0.000000,0.000000,0.000000,0.078650,0.004002,0.000000,0.000000,0.000000,0.193469,0.364199,0.000000,0.217148,
0.000000,0.000000,0.000000,0.000000,0.000000,0.000000,0.000000,0.064384,0.194408,0.169834,0.000000,0.000000,0.035097,0.262799,0.368829,0.186375,
0.032660,0.000000,0.000000,0.000000,0.000000,0.000000,0.000000,0.000000,0.235420,0.165081,0.000000,0.113055,0.021631,0.114868,0.309511,0.408835,
0.048458,0.000000,0.000000,0.000000,0.000000,0.000000,0.000000,0.000000,0.000000,0.000000,0.000000,0.138103,0.066901,0.000000,0.007164,0.486297,
0.000000,0.000000,0.000000,0.000000,0.000000,0.000000,0.000000,0.000000,0.000000,0.000000,0.000000,0.055437,0.158110,0.000000,0.000000,0.262980,
0.000000,0.000000,0.128526,0.000000,0.000000,0.000000,0.000000,0.000000,0.000000,0.000000,0.000000,0.393725,0.400782,0.000000,0.000000,0.162845,
0.000000,0.000000,0.000000,0.000000,0.000000,0.059683,0.000000,0.000000,0.023114,0.000000,0.332331,0.579467,0.340064,0.000000,0.000000,0.150705,
0.000000,0.000000,0.000000,0.000000,0.000000,0.000000,0.000000,0.000000,0.025734,0.319400,0.515302,0.460552,0.245503,0.000000,0.070650,0.377139,
0.144326,0.000000,0.000000,0.000000,0.000000,0.600624,0.398950,0.431223,0.584309,0.622064,0.580731,0.562883,0.532996,0.485282,0.570869,0.546079,
0.675431,0.413272,0.000000,0.000000,0.804687,0.747978,0.556069,0.561470,0.625778,0.673237,0.636963,0.596153,0.465347,0.550198,0.473205,0.359571,
0.784846,0.728626,0.334953,0.000000,0.786721,0.528023,0.599903,0.600952,0.603403,0.581116,0.653050,0.617987,0.692541,0.659163,0.597306,0.659210,
0.789091,0.777675,0.620808,0.272510,0.865907,0.740354,0.616378,0.545802,0.512835,0.547095,0.684805,0.701525,0.599471,0.436436,0.840381,0.910332,
1.135949,1.202227,1.154609,1.095910,1.189446,1.161393,1.151898,1.128995,1.018987,0.936416,1.112802,1.075683,0.884053,1.059061,1.327298,1.158682,
1.116276,0.187703,0.062075,0.000000,0.000000,0.101150,0.000000,0.000000,0.000000,0.000000,0.000000,0.053890,0.018144,0.000000,0.000000,0.000000,
1.142357,0.219789,0.080418,0.000000,0.213539,1.509664,0.000000,0.042014,0.000000,0.504347,0.154412,0.094375,0.205764,0.181922,0.023751,0.000000,
1.327353,0.630439,0.145711,0.000000,0.213925,1.636847,0.000000,0.000000,0.499455,1.570254,0.217624,0.000000,0.000000,0.452505,0.845998,0.000000,
1.327926,1.252766,0.446423,0.139009,0.195082,0.762135,0.818033,0.048722,0.136146,1.473588,0.206255,0.033440,0.000000,0.000000,0.993937,0.050680,
1.419916,1.041907,0.000000,2.091193,2.278603,0.666373,0.482057,0.000000,0.000000,2.336050,1.053771,0.000000,0.070267,0.000000,1.068331,0.948711,
1.157407,1.634410,0.000000,1.779002,3.055609,0.403324,0.796211,0.000000,0.000000,3.308436,0.488266,0.000000,0.214356,0.000000,0.024513,0.599820,
0.405890,1.930964,0.000000,0.000000,2.347100,1.168159,1.525477,0.000000,0.000000,2.919747,0.000000,0.000000,0.252203,0.416141,0.000000,0.000000,
1.256310,1.430959,0.035278,0.433256,1.285898,2.428393,0.000000,0.000000,0.000000,1.925453,0.000000,0.000000,0.537529,0.464962,0.000000,0.000000,
2.311931,0.692829,0.000000,0.925892,0.853679,1.768927,0.085863,0.421681,0.612839,0.426007,0.558857,0.000000,0.542715,0.681534,0.097048,0.000000,
3.211793,0.137865,0.000000,1.183261,0.000000,0.566008,1.133276,1.424885,0.844214,0.003695,0.000000,0.101581,0.910063,0.647076,0.000000,0.000000,
4.365945,0.122121,0.000000,3.009033,0.000000,0.600955,1.422070,0.984020,0.000000,0.000000,0.254559,0.416490,0.796932,0.487588,0.072732,0.152602,
4.145594,0.899217,0.000000,2.654971,0.111284,0.000000,0.369245,0.165590,0.000000,0.227303,0.281692,0.313424,0.317980,0.276654,0.036791,0.072690,
2.287736,1.362944,2.271610,2.607800,0.000000,0.062215,0.054436,0.065924,0.089391,0.237545,0.298929,0.339822,0.374346,0.279908,0.423650,0.383132,
1.942325,0.553568,3.227834,2.233350,0.000000,0.234828,0.000000,0.075388,0.229976,0.243516,0.237440,0.304660,0.053208,0.769094,0.577640,0.000000,
1.906002,0.072298,1.412726,1.662416,0.000000,0.418475,0.225052,0.071523,0.272417,0.272443,0.040402,0.308515,0.980549,0.654420,0.000000,0.156541,
1.985080,0.062351,0.051470,0.000000,0.000000,0.281814,0.225678,0.286683,0.512595,0.479231,0.000000,0.485403,1.058242,0.130530,0.000000,0.000000,
0.294268,0.369225,0.452751,0.374266,0.383731,0.310461,0.364343,0.417628,0.459680,0.366566,0.355593,0.325070,0.354145,0.353314,0.413678,1.453301,
0.355990,0.310842,0.411717,0.403619,0.400990,0.232370,0.877172,0.418927,0.506778,0.368809,0.251131,0.204375,0.126087,0.319962,0.400388,1.534353,
0.450251,0.240394,0.375988,0.424556,0.397330,0.005677,1.165159,0.467898,0.377061,0.000000,0.149007,0.354890,0.351922,0.333290,0.279248,1.590374,
1.071833,0.368244,0.353963,0.361562,0.553201,0.454146,0.540878,0.740566,0.060741,0.000000,0.681842,0.428378,0.570100,0.524682,0.000000,1.671761,
1.164800,0.115541,0.715480,0.340135,0.513726,1.145888,0.580566,0.782335,0.220944,0.000000,0.547924,0.778733,0.240772,0.497727,0.402279,1.602550,
0.566755,0.000000,1.039319,0.606744,0.000000,1.133931,0.780800,0.853961,0.717364,0.000000,0.623726,0.809658,0.056451,0.399479,0.615775,0.946028,
0.516505,0.236470,1.130283,1.006611,0.000000,0.391180,0.494146,1.239269,0.888716,0.000000,0.973015,0.842120,0.083752,0.078223,0.285941,1.328974,
0.378808,0.611549,1.585798,0.894987,0.501453,0.000000,0.815952,0.683781,0.643425,0.000000,0.851359,0.700915,0.118704,0.000000,0.356186,1.506884,
0.425245,0.084946,1.460293,0.270055,0.841163,0.000000,1.018296,0.169094,0.143393,0.119632,0.117709,0.806368,0.163135,0.000000,0.196885,1.817100,
0.374714,0.000000,1.303310,0.000000,0.576988,0.897817,0.048784,0.321871,1.102460,0.706365,0.626660,0.601592,0.000000,0.000000,0.397788,1.841150,
0.000000,0.191065,1.182656,0.066171,1.282803,0.974283,0.000000,0.211557,1.298269,0.524959,0.430890,0.163722,0.000000,0.000000,0.324638,1.586719,
0.000000,0.000000,0.906065,0.000000,1.164958,1.464652,0.000000,0.000000,0.372392,0.342727,0.000000,0.000000,0.000000,0.000000,0.000000,1.133741,
0.000000,0.000000,0.000000,0.000000,1.561084,1.051233,0.000000,0.000000,0.000000,0.000000,0.000000,0.000000,0.000000,0.000000,0.000000,1.406100,
0.000000,0.000000,0.000000,0.969903,1.899654,0.000000,0.000000,0.000000,0.000000,0.000000,0.000000,0.000000,0.000000,0.000000,0.000000,1.433427,
0.000000,0.000000,0.000000,0.463178,1.179108,0.000000,0.000000,0.000000,0.000000,0.000000,0.000000,0.000000,0.000000,0.000000,0.214052,0.875240,
0.043070,0.000000,0.000000,0.000000,0.000000,0.000000,0.000000,0.000000,0.000000,0.000000,0.000000,0.000000,0.000000,0.065101,0.281431,0.748508,
1.625170,0.995196,0.807466,0.859840,0.783579,0.888184,0.819808,0.764211,0.759447,0.847975,0.799487,0.759651,0.889558,0.696025,0.663231,1.658170,
0.578202,0.325387,0.130366,0.225178,0.212585,2.104574,0.254491,0.264857,0.337399,0.697662,0.638937,0.221758,0.000000,0.401406,0.297809,1.844597,
0.514398,0.331941,0.654165,0.267094,0.098631,1.262302,0.852525,0.101242,0.430957,0.504102,0.541823,0.410792,0.379915,0.000000,0.619601,1.860027,
1.920328,0.000000,0.431671,0.228857,0.709333,0.294725,1.064855,0.651521,0.370280,0.176717,1.057314,0.000000,0.500085,0.132799,0.238078,1.959482,
2.787237,0.800716,0.637694,0.250540,2.339210,1.518360,0.811672,0.576901,0.177477,0.000000,0.966188,0.956217,0.365193,0.551150,0.017393,2.372617,
3.231790,0.819584,0.921542,0.727403,1.639508,1.323188,1.932675,0.622213,1.073507,0.000000,1.474362,0.885181,0.389559,0.410703,0.675844,1.284255,
3.630235,1.451436,0.023635,1.114985,0.364111,0.606210,2.063685,0.899577,1.458299,0.000000,0.970448,0.712819,0.000000,0.358813,0.526401,1.471009,
3.581272,1.786637,1.462498,1.244828,0.000000,1.531591,1.363260,0.152061,0.610462,0.000000,0.947709,0.379450,0.199461,0.000000,0.395192,1.828184,
3.166604,0.901289,2.121293,1.249657,1.378302,0.000000,0.537549,0.822867,0.443229,0.853117,1.090460,0.767679,0.000000,0.287705,0.046973,2.119922,
2.009366,0.021625,1.440984,0.188301,0.958237,1.222149,0.841716,1.842199,0.861988,0.865904,0.380630,0.311063,0.494031,0.223222,0.245149,2.236315,
1.505099,0.246415,0.904586,0.414387,2.920322,0.792197,0.155491,1.143273,1.518912,0.795803,0.273762,0.548489,0.113316,0.044840,0.547527,2.294915,
0.268581,0.656725,1.180330,0.424825,1.037847,0.375409,0.000000,0.000000,0.252581,0.319702,0.318865,0.000000,0.013373,0.000000,0.007688,1.858408,
1.490296,0.000000,0.945422,0.943508,0.500560,0.477431,0.000000,0.000000,0.000000,0.000000,0.000000,0.000000,0.000000,0.000000,0.183593,2.437720,
1.321118,0.000000,0.000000,2.592498,0.178677,0.000000,0.195592,0.000000,0.000000,0.000000,0.000000,0.000000,0.000000,0.000000,0.000000,2.234677,
1.571771,0.000000,0.000000,1.527457,0.218926,0.000000,0.118468,0.135920,0.000000,0.128407,0.000000,0.000000,0.106175,0.327682,0.041599,1.908227,
1.215863,0.000000,0.000000,0.000000,0.044682,0.000000,0.000000,0.000000,0.000000,0.207319,0.119226,0.000000,0.000000,0.274647,0.000000,0.877299,
2.856579,3.040461,3.220915,3.265315,3.251517,3.134423,3.343871,3.891631,3.910992,3.258747,2.461840,2.477863,2.784209,2.911127,3.035097,2.787526,
0.545548,0.801974,0.777530,0.327120,0.414476,0.267665,0.000000,0.000000,0.000000,0.000000,0.000000,0.000000,0.000000,0.000000,0.112358,0.803303,
0.000000,0.000000,0.200362,0.431684,0.603318,1.043011,0.213766,0.000000,0.000000,0.000000,0.238912,0.373782,0.000000,0.000000,0.000000,0.786679,
0.000000,0.000000,0.000000,0.268159,0.083755,0.000000,0.000000,0.000000,0.000000,0.152634,0.317362,0.644619,0.253214,0.000000,0.000000,0.578603,
0.000000,0.000000,0.000000,0.000000,0.000000,0.000000,0.000000,0.090365,0.147486,0.000000,0.000000,0.000000,0.019446,0.000000,0.000000,0.000000,
0.000000,0.000000,0.000000,1.929633,1.937330,0.254790,0.000000,0.198822,0.091655,0.000000,0.000000,0.000000,0.000000,0.000000,0.000000,0.000000,
0.010161,0.000000,0.000000,1.251421,2.048473,0.000000,0.000000,0.000000,0.000000,0.000000,0.000000,0.000000,0.000000,0.000000,0.000000,0.337299,
0.000000,0.000000,0.000000,0.000000,0.479066,0.000000,0.000000,0.174031,0.164966,1.365974,1.232392,0.079299,0.228142,0.124256,1.449134,1.436765,
0.000000,0.000000,0.000000,0.000000,0.000000,0.717582,0.788186,0.312062,0.000000,0.812411,1.045228,0.181489,0.478965,1.089507,0.728774,0.711680,
0.143065,0.114899,0.000000,0.000000,0.000000,0.073433,0.000000,0.000000,0.000000,0.000000,0.000000,0.000000,0.000000,1.630913,1.660792,1.255553,
0.000000,0.000000,0.000000,0.000000,0.000000,0.000000,0.000000,0.000000,0.000000,0.000000,0.000000,0.000000,0.000000,0.000000,0.000000,0.000000,
0.000000,0.000000,0.000000,0.000000,0.000000,0.000000,0.000000,0.000000,0.000000,0.000000,0.000000,0.000000,0.000000,0.000000,0.000000,0.000000,
0.351994,0.000000,0.000000,0.000000,0.000000,0.000000,0.000000,0.000000,0.000000,0.000000,0.000000,0.000000,0.000000,0.000000,0.000000,0.000000,
0.581827,0.000000,0.000000,0.000000,0.000000,0.000000,0.000000,0.000000,0.000000,0.000000,0.000000,0.000000,0.000000,0.000000,0.000000,0.000000,
0.650539,0.000000,0.000000,0.000000,0.000000,0.000000,0.000000,0.000000,0.000000,0.000000,0.000000,0.000000,0.000000,0.000000,0.000000,0.000000,
3.206437,3.273314,3.244009,2.599675,2.617675,2.696114,2.745962,2.617255,2.740483,2.750382,2.741761,2.797300,2.867471,3.286096,3.394860,3.125641,
1.507822,0.866602,1.051817,0.866578,0.804656,0.820077,0.958356,0.877195,0.742750,0.765435,0.455845,0.684155,0.791594,0.766280,0.680312,0.565396,
0.388953,0.426835,0.648787,0.350766,0.632224,2.591292,0.000000,0.180898,0.000000,1.159716,0.862035,0.000000,0.044670,0.254224,0.407909,0.403043,
0.000000,0.000000,0.492239,0.388424,0.414642,1.168927,0.889131,1.014265,1.403160,2.072610,0.582069,1.312694,0.725514,0.000000,0.384275,0.396932,
0.000000,1.924805,0.425927,0.376944,0.379135,1.704509,1.589894,1.191814,0.369024,0.705201,0.130143,0.577967,0.590491,0.868529,0.163481,0.407602,
1.081152,3.306297,0.000000,2.206691,2.645776,1.611990,0.000000,0.715192,0.237811,2.393009,0.877592,0.388329,0.894943,0.774095,0.000000,0.000000,
1.821087,0.681803,0.661196,0.509857,0.220693,1.001168,1.481901,0.776576,1.023056,3.173953,0.000000,0.729759,0.822480,0.645325,0.822296,0.000000,
2.619254,1.278080,0.335838,0.452855,0.903762,2.385934,1.307623,0.612408,0.668978,2.498196,0.086135,0.829872,0.700364,1.283029,0.945441,0.538362,
2.113216,0.655394,0.247308,0.116829,0.997385,2.760661,0.000000,0.958926,1.040418,1.837165,0.719602,0.558087,0.751990,0.440867,1.830468,1.470660,
0.616636,0.430598,0.328990,0.897275,1.067271,0.000000,1.386258,2.054710,1.361926,0.640086,2.024479,0.261287,0.757046,1.732429,1.537465,0.003814,
0.632958,0.149080,0.319344,0.787546,0.455107,1.711217,2.364810,1.993020,0.207657,1.595910,0.000000,0.881102,1.749200,1.575509,0.121634,0.266413,
0.319282,0.151359,0.000000,3.665360,1.116086,2.010235,2.299570,0.000000,0.671992,0.304576,1.601634,1.629993,0.081564,0.000000,0.000000,0.000000,
0.000000,0.177884,1.682665,3.988908,0.000000,0.980446,0.097869,0.494491,0.981279,0.898426,0.289751,0.187338,0.677544,0.433275,0.462487,0.268741,
0.000000,0.000000,2.685283,1.286634,1.994963,2.049754,0.499668,0.291094,0.443630,0.632896,0.618164,0.707204,0.786670,0.199334,1.457784,1.425597,
0.338458,0.300574,1.074207,0.000000,1.727128,0.609895,0.462487,0.361259,0.525232,0.385186,0.325462,0.117475,0.469685,1.478324,1.119773,0.000000,
0.266430,0.556556,0.290372,0.037098,1.217592,0.434359,0.544561,0.623638,0.801994,0.692284,0.351463,1.022929,1.776539,1.357113,0.043591,1.305761,
0.463523,0.532575,0.307831,0.092580,0.340018,0.354661,0.030786,0.016494,0.419813,0.763566,0.281599,0.907175,0.892018,0.000000,1.040520,0.000000,
0.844060,0.852597,0.864757,0.876437,0.888789,0.856512,0.883753,0.921606,0.925150,0.887531,0.841398,0.827397,0.843968,0.857801,0.865328,0.848374,
0.386895,0.271859,0.217024,0.216805,0.238504,0.150832,0.222194,0.277469,0.249239,0.105571,0.000000,0.040716,0.079006,0.239462,0.342403,0.547610,
0.333309,0.189191,0.229564,0.247161,0.259474,0.000000,0.000000,0.012678,0.103704,0.000000,0.000000,0.000000,0.121477,0.119940,0.221601,0.515093,
0.101448,0.208469,0.239572,0.259706,0.265405,0.091870,0.000000,0.126606,0.143585,0.000000,0.000000,0.000000,0.000000,0.227717,0.159818,0.480300,
0.000000,0.056381,0.185821,0.206180,0.000000,0.000000,0.000000,0.000000,0.000000,0.000000,0.000000,0.000000,0.000000,0.247895,0.308607,0.421466,
0.000000,0.000000,0.000000,0.188718,0.000000,0.000000,0.000000,0.000000,0.091759,0.000000,0.000000,0.000000,0.000000,0.018988,0.282737,0.489388,
0.000000,0.000000,0.000000,0.190438,0.000000,0.000000,0.000000,0.000000,0.002364,0.000000,0.000000,0.000000,0.000000,0.000000,0.047887,0.534168,
0.000000,0.000000,0.000000,0.147753,0.000000,0.000000,0.000000,0.000000,0.000000,0.000000,0.000000,0.000000,0.000000,0.000000,0.000000,0.504697,
0.000000,0.000000,0.000000,0.000000,0.000000,0.000000,0.000000,0.000000,0.000000,0.000000,0.000000,0.000000,0.000000,0.000000,0.138369,0.467041,
0.000000,0.000000,0.000000,0.000000,0.000000,0.000000,0.000000,0.000000,0.000000,0.000000,0.000000,0.112701,0.143049,0.106691,0.107803,0.439679,
0.000000,0.000000,0.000000,0.000000,0.000000,0.000000,0.000000,0.000000,0.000000,0.000000,0.000000,0.045281,0.000000,0.000000,0.000000,0.281779,
0.000000,0.000000,0.000000,0.000000,0.000000,0.000000,0.000000,0.000000,0.000000,0.000000,0.000000,0.000000,0.000000,0.000000,0.000000,0.026328,
0.000000,0.000000,0.000000,0.000000,0.000000,0.000000,0.000000,0.000000,0.000000,0.000000,0.000000,0.000000,0.000000,0.000000,0.000000,0.000000,
0.000000,0.000000,0.000000,0.000000,0.000000,0.000000,0.000000,0.000000,0.000000,0.000000,0.000000,0.000000,0.000000,0.000000,0.000000,0.000000,
0.000000,0.000000,0.000000,0.000000,0.000000,0.000000,0.000000,0.000000,0.000000,0.000000,0.000000,0.000000,0.000000,0.000000,0.000000,0.057557,
0.000000,0.000000,0.000000,0.000000,0.000000,0.000000,0.000000,0.000000,0.000000,0.000000,0.000000,0.000000,0.000000,0.000000,0.000000,0.086373,
0.106579,0.000000,0.000000,0.000000,0.000000,0.000000,0.000000,0.000000,0.000000,0.000000,0.000000,0.000000,0.000000,0.000000,0.000000,0.000000,
0.026757,0.000000,0.000000,0.000000,0.000000,0.000000,0.000000,0.000000,0.109005,0.000000,0.000000,0.000000,0.082191,0.000000,0.000000,0.000000,
0.220273,0.429049,0.000000,0.000000,0.000000,0.563943,0.000000,0.285926,0.000000,0.000000,0.000000,0.000000,0.000000,0.060078,0.061043,0.000000,
0.000000,0.000000,0.000000,0.000000,0.000000,0.000000,0.000000,0.000000,0.000000,0.457060,0.000000,0.000000,0.000000,0.000000,0.161760,0.000000,
0.290651,0.000000,0.000000,0.000000,0.000000,0.000000,0.000000,0.000000,0.000000,0.038763,0.000000,0.000000,0.000000,0.000000,0.382217,0.251832,
0.081490,0.000000,0.000000,0.617954,1.214363,0.000000,0.000000,0.000000,0.000000,0.302901,0.000000,0.000000,0.000000,0.000000,0.000000,0.000000,
0.000000,0.000000,0.000000,0.000000,0.179979,0.000000,0.000000,0.000000,0.000000,0.239700,0.000000,0.000000,0.000000,0.000000,0.000000,0.000000,
0.000000,0.000000,0.000000,0.000000,0.000000,0.844224,0.000000,0.000000,0.000000,0.268094,0.000000,0.000000,0.000000,0.000000,0.000000,0.000000,
0.256273,0.000000,0.000000,0.000000,0.000000,0.495917,0.000000,0.000000,0.000000,0.402099,0.501376,0.000000,0.225802,0.000000,0.000000,0.000000,
0.676403,0.000000,0.000000,0.063971,0.000000,0.000000,0.000000,0.000000,0.011587,0.537810,0.400142,0.000000,0.116101,0.000000,0.000000,0.000000,
0.891212,0.000000,0.000000,0.000000,0.000000,0.000000,0.786552,0.764574,0.068526,0.000000,0.000000,0.000000,0.000000,0.000294,0.000000,0.000000,
1.486883,0.597278,0.000000,0.000000,0.000000,0.546709,0.796618,0.703525,0.032142,0.000000,0.000000,0.000000,0.000000,0.000000,0.000000,0.000000,
0.278828,0.522998,0.027403,0.000000,0.000000,0.000000,0.000000,0.000000,0.000000,0.000000,0.000000,0.000000,0.000000,0.000000,0.000000,0.000000,
0.352880,0.000000,1.162054,1.016343,0.000000,0.000000,0.000000,0.000000,0.000000,0.000000,0.000000,0.000000,0.000000,0.000000,0.182949,0.173627,
0.354961,0.000000,0.446153,1.171283,0.000000,0.069413,0.190285,0.003257,0.000000,0.000000,0.000000,0.000000,0.000000,0.000000,0.000000,0.000000,
1.961562,1.483002,1.490563,1.316740,1.138601,1.106205,1.124366,0.975121,1.547164,1.860502,1.619267,1.700875,2.431176,2.332062,1.299513,1.173770,
0.806019,0.444254,0.474403,0.444357,0.403779,0.425743,0.498675,0.459830,0.336966,0.387455,0.278496,0.294540,0.286631,0.257279,0.159874,0.015743,
0.000000,0.012069,0.000000,0.000000,0.000000,0.935625,0.000000,0.000000,0.000000,0.058001,0.020840,0.000000,0.000000,0.000000,0.000000,0.000000,
0.000000,0.000000,0.000000,0.000000,0.000000,0.680344,0.000000,0.000000,0.027537,0.418632,0.183973,0.000000,0.000000,0.000000,0.000000,0.000000,
0.473972,0.910580,0.020018,0.000000,0.000000,0.230374,0.731852,0.005976,0.000000,0.399450,0.076974,0.000000,0.000000,0.000000,0.000000,0.000000,
0.418185,1.454847,0.000000,0.620718,1.707283,0.846662,0.505339,0.000000,0.000000,1.049070,0.748966,0.000000,0.000000,0.000000,0.000000,0.000000,
0.017397,0.972034,0.000000,0.558944,0.141149,0.359839,0.536118,0.000000,0.068850,1.929669,0.782278,0.000000,0.000000,0.000000,0.000000,0.000000,
0.700580,1.189618,0.000000,0.000000,0.743898,1.351610,1.086096,0.087157,0.000000,1.329228,0.000000,0.000000,0.000000,0.164149,0.000000,0.000000,
0.980392,0.804182,0.000000,0.018783,0.460004,1.549733,0.585635,0.000000,0.000000,0.983141,0.000000,0.000000,0.000000,0.154975,0.000000,0.123605,
0.646712,0.505935,0.000000,0.098635,0.485820,0.360654,0.000000,0.404012,0.118849,0.661656,0.305123,0.000000,0.000000,0.038166,0.302343,0.000000,
0.462334,0.398418,0.000000,0.422173,0.172196,0.166560,0.679848,1.386449,0.000000,0.000000,0.277437,0.000000,0.232622,0.495039,0.107967,0.000000,
1.039928,0.413522,0.000000,2.563295,1.274993,1.183638,1.799431,1.132577,0.064340,0.000000,0.020734,0.146478,0.229350,0.000000,0.000000,0.000000,
0.868021,0.421909,0.009866,2.336250,0.604595,0.000000,0.000000,0.000000,0.000000,0.000000,0.000000,0.000000,0.000000,0.000000,0.000000,0.000000,
0.344227,0.000000,1.583672,2.178728,0.000000,0.000000,0.000000,0.000000,0.000000,0.000000,0.000000,0.094241,0.151987,0.000000,0.452277,0.440099,
0.000000,0.000000,1.318395,1.114759,0.000000,0.000000,0.000000,0.000000,0.000000,0.000000,0.000000,0.000000,0.000000,0.478297,0.418261,0.000000,
0.235124,0.000000,0.154522,0.000000,0.000000,0.000000,0.000000,0.000000,0.000000,0.089463,0.000000,0.000000,0.763254,0.687183,0.000000,0.000000,
0.000000,0.000000,0.000000,0.000000,0.000000,0.000000,0.000000,0.000000,0.000000,0.027337,0.000000,0.044914,0.574215,0.082590,0.000000,0.000000,
1.665822,1.135785,1.113282,1.073440,1.150945,1.059892,1.204796,1.180441,1.025237,0.981164,1.045955,1.089885,0.978869,1.045218,0.941403,0.759913,
1.160489,0.000000,0.000000,0.000000,0.000000,0.000000,0.000000,0.000000,0.000000,0.000000,0.000000,0.000000,0.000000,0.083501,0.000000,0.000000,
1.086941,0.192489,0.000000,0.000000,0.000000,0.662699,0.000000,0.000000,0.117867,0.612666,0.000000,0.058867,0.339535,0.726998,0.510494,0.000000,
0.408788,1.246364,0.932988,0.000000,0.000000,0.000000,0.000000,0.104303,0.486638,1.014667,0.000000,0.000000,0.000000,0.683138,1.227125,0.000000,
0.000000,1.438955,0.858704,0.000000,0.000000,0.409120,0.081257,0.000000,0.000000,0.762390,0.015854,0.000000,0.000000,0.000000,1.213939,0.676276,
0.000000,0.606392,0.000000,0.739802,0.483293,0.000000,0.000000,0.000000,0.000000,1.875750,0.174410,0.000000,0.024404,0.000000,0.689509,1.021583,
0.096633,0.759835,0.278045,0.000000,0.436232,0.000000,0.612168,0.000000,0.000000,1.613870,0.000000,0.000000,0.212704,0.050256,0.323232,0.314879,
0.311244,0.605453,0.860788,0.386908,0.366684,0.997787,0.000000,0.000000,0.000000,1.143255,0.000000,0.000000,0.208322,0.441178,0.082941,0.181588,
0.000000,0.151877,0.589265,0.765021,0.472817,0.809955,0.000000,0.000000,0.437223,0.946406,0.000000,0.000000,0.338008,0.363100,0.371304,0.071924,
0.465465,0.000000,0.000000,0.943177,0.071546,0.612606,0.000000,0.315457,1.133709,0.385610,0.268367,0.000000,0.978109,1.242614,0.321749,0.000000,
1.385647,0.000000,0.000000,1.107628,0.000000,1.001698,1.229738,0.725019,0.031816,0.012233,0.147523,0.688018,0.661928,0.877380,0.000000,0.000000,
1.897327,0.130119,0.000000,1.633079,0.000000,0.000000,0.142539,0.000000,0.000000,0.088204,0.624514,0.583559,0.225319,0.406838,0.182724,0.166777,
0.882854,1.387440,0.720704,0.935494,0.000000,0.152987,0.324209,0.353365,0.242664,0.349711,0.342473,0.546410,0.657171,0.369069,0.336884,0.770775,
0.275297,0.999259,2.404116,0.686903,0.000000,0.300222,0.146666,0.377640,0.291988,0.363100,0.535400,0.577822,0.271859,0.743837,1.011881,0.807048,
0.278561,0.502213,1.843160,1.128011,0.002858,0.431178,0.404740,0.271842,0.382081,0.305221,0.279883,0.450664,0.587391,0.657866,0.097964,0.911603,
0.871159,0.563147,0.593645,0.597464,0.369141,0.687770,0.609648,0.557083,0.706487,0.815892,0.358778,0.956305,1.264876,0.370396,0.410818,0.489272,
0.128752,0.000000,0.157730,0.000000,0.096718,0.000000,0.000000,0.149400,0.126447,0.103479,0.293446,0.320011,0.118589,0.089930,0.150798,0.831818,
0.111316,0.025138,0.129575,0.013378,0.050042,0.000000,0.216940,0.057402,0.992428,1.024909,0.588350,0.398503,0.390613,0.189758,0.006896,0.864392,
0.027401,0.832059,0.027438,0.139298,0.122193,0.955144,1.851724,1.278208,1.581760,0.000000,0.000000,0.315406,0.337151,0.658109,0.021774,0.884759,
0.848605,1.634050,0.009400,0.082652,0.000000,0.834699,0.527695,0.113234,0.020479,0.000000,0.571325,0.627054,0.695418,0.624800,0.059705,0.975205,
0.791095,0.000000,0.540139,0.018425,0.000000,0.000000,0.437298,0.761496,0.405032,0.822569,0.244827,0.466734,0.304086,0.225629,0.386015,0.922116,
1.299973,0.000000,0.723619,0.347887,0.533125,1.244566,0.172105,0.445454,0.306346,0.635910,0.653613,1.273089,0.149787,0.228993,0.274795,0.904224,
1.642527,0.000000,2.025095,0.403273,0.103663,1.574342,0.000000,1.121552,0.525914,0.000000,1.288794,1.192591,0.266244,0.317970,0.000000,0.650837,
0.572203,0.424407,1.412746,0.372708,0.438543,0.000000,1.793391,1.101619,0.999415,0.000000,0.770039,0.938561,0.396442,0.000000,0.662405,0.650484,
0.286895,0.000000,0.931435,0.000000,0.233222,1.833913,2.357241,1.167226,0.529658,1.371430,1.294223,1.792634,1.057677,0.479518,0.505911,1.022223,
0.285429,0.077182,0.844327,0.559603,0.242299,0.715844,0.084152,0.000000,0.631096,0.230860,1.626186,1.745100,0.422247,0.000000,0.294908,1.148362,
0.000000,0.226525,1.418051,0.725479,0.211186,0.702296,0.000000,0.363917,0.694360,1.358360,1.810770,0.478518,0.000000,0.196753,0.399655,1.184183,
0.047009,0.651305,0.672095,0.000000,2.393194,4.032120,1.343629,1.987241,2.110515,0.796835,0.000000,0.066317,0.034097,0.000000,0.166299,0.749939,
0.598542,0.469086,0.737754,0.000000,3.929843,2.332969,0.076115,0.169348,0.118291,0.191877,0.040989,0.000000,0.000000,0.145462,0.054869,0.394290,
0.390719,0.237656,0.039751,1.378515,3.365202,0.071484,0.225734,0.116250,0.000000,0.000000,0.126871,0.142346,0.427392,0.581434,0.592273,1.646567,
0.401778,0.217013,0.232214,1.856967,2.523720,0.470550,0.209069,0.230318,0.032531,0.000000,0.077267,0.328375,0.295493,0.000000,1.211699,0.904314,
1.299529,1.154791,0.989672,1.064755,1.006388,0.688284,0.858099,1.183141,0.832508,1.011312,1.436785,0.976758,0.605608,2.188555,2.230542,1.753879,
0.167074,0.000000,0.000000,0.000000,0.000000,0.000000,0.000000,0.000000,0.000000,0.000000,0.000000,0.000000,0.000000,0.000000,0.000000,0.000000,
0.000000,0.000000,0.000000,0.000000,0.000000,0.000000,0.000000,0.000000,0.000000,0.000000,0.220813,0.240204,0.000000,0.000000,0.000000,0.000000,
0.012331,0.000000,0.000000,0.000000,0.000000,0.000000,0.000000,0.000000,0.089348,0.331093,0.216472,0.285770,0.261217,0.000000,0.000000,0.000000,
0.626357,0.376108,0.000000,0.000000,0.000000,0.000000,0.000000,0.189153,0.321587,0.191680,0.000000,0.000000,0.000000,0.006696,0.000000,0.000000,
0.724718,0.677125,0.000000,0.000000,0.000000,0.000000,0.000000,0.000000,0.000000,0.467635,0.180028,0.000000,0.065176,0.162638,0.099948,0.000000,
0.345319,0.284074,0.000000,0.000000,0.000000,0.000000,0.000000,0.000000,0.025275,0.831624,0.215934,0.000000,0.052016,0.095132,0.344541,0.057510,
0.275277,0.407794,0.000000,0.000000,0.000000,0.000000,0.000000,0.000000,0.000000,0.506140,0.000000,0.000000,0.171028,0.208930,0.182787,0.000000,
0.477065,0.160439,0.064738,0.000000,0.000000,0.204749,0.000000,0.000000,0.000000,0.058530,0.000000,0.000000,0.169916,0.196933,0.000000,0.000000,
0.596436,0.064861,0.000000,0.182205,0.000000,0.000000,0.000000,0.000000,0.040440,0.000000,0.000000,0.000000,0.000000,0.000000,0.000000,0.000000,
0.417089,0.000000,0.000000,0.493093,0.000000,0.000000,0.123690,0.244470,0.000000,0.000000,0.000000,0.216163,0.433686,0.000000,0.000000,0.000000,
0.843989,0.000000,0.000000,0.866336,0.824006,0.643746,0.877442,0.407628,0.158936,0.515055,1.042409,1.228431,1.190265,0.928584,0.695401,0.776621,
0.955697,0.000000,0.000000,0.734114,0.000000,0.000000,0.468450,0.512624,0.738081,0.989313,1.248128,1.165315,1.217489,1.212919,1.113773,1.224693,
1.365204,1.126581,0.415869,0.295517,0.000000,0.999955,1.021920,0.983208,1.048869,1.210611,1.359086,1.422348,1.339691,1.197656,1.513981,1.549844,
1.319554,1.417378,1.079034,0.189842,0.563304,1.070365,1.094741,1.073742,1.126703,1.252096,1.262421,1.261202,1.296015,1.576965,1.490600,0.909241,
1.305349,1.405179,1.284140,0.772934,0.824723,0.942730,1.042261,1.134230,1.191566,1.256854,1.169175,1.255350,1.584759,1.657731,1.266798,1.267551,
1.124952,1.227970,1.202045,1.066140,0.996403,1.125291,1.000364,0.711017,0.885647,1.025235,1.033030,1.205806,1.300628,0.991183,1.104012,1.250118,
0.000000,0.000000,0.000000,0.000000,0.000000,0.000000,0.000000,0.000000,0.000000,0.000000,0.000000,0.000000,0.000000,0.000000,0.000000,0.000000,
0.000000,0.000000,0.000000,0.000000,0.000000,0.000000,0.000000,0.000000,0.000000,0.000000,0.000000,0.000000,0.000000,0.000000,0.000000,0.000000,
0.000000,0.000000,0.000000,0.000000,0.000000,0.000000,0.000000,0.000000,0.000000,0.000000,0.000000,0.000000,0.000000,0.000000,0.000000,0.000000,
0.000000,0.000000,0.000000,0.000000,0.000000,0.000000,0.000000,0.000000,0.000000,0.000000,0.000000,0.000000,0.000000,0.000000,0.000000,0.000000,
0.192247,0.000000,0.000000,0.000000,0.000000,0.261162,0.000000,0.000000,0.000000,0.000000,0.000000,0.000000,0.000000,0.000000,0.000000,0.000000,
0.483595,0.000000,0.000000,0.000000,0.000000,0.307789,0.000000,0.054772,0.000000,0.000000,0.300074,0.061889,0.000000,0.000000,0.000000,0.000000,
0.423792,0.196254,0.265084,0.000000,0.000000,0.000000,0.000000,0.251053,0.000000,0.000000,0.294051,0.054575,0.000000,0.000000,0.000000,0.000000,
0.375242,0.157223,0.488890,0.000000,0.000000,0.000000,0.498133,0.030194,0.000000,0.000000,0.131754,0.000000,0.000000,0.000000,0.000000,0.000000,
0.491604,0.205202,0.584138,0.000000,0.000000,0.000000,0.000000,0.000000,0.000000,0.000000,0.000000,0.000000,0.000000,0.000000,0.000000,0.000000,
0.353609,0.280637,0.569031,0.151656,0.057649,0.051208,0.000000,0.000000,0.351012,0.000000,0.006130,0.000000,0.000000,0.000000,0.000000,0.000000,
0.000000,0.381395,0.484763,0.102138,0.538865,0.639713,0.283593,0.534446,0.647948,0.282611,0.000000,0.112962,0.277485,0.368942,0.463189,0.684700,
0.479324,0.496352,0.411464,0.000000,1.217774,1.256871,0.534094,0.559868,0.573838,0.476907,0.539145,0.571255,0.625057,0.625681,0.659704,0.744174,
0.978838,0.710119,0.390068,0.620662,1.274188,0.798636,0.519368,0.484835,0.436364,0.472178,0.533619,0.627856,0.741997,0.770299,0.714714,1.017736,
0.999308,0.849367,0.620816,0.984816,1.214628,0.503723,0.547657,0.500825,0.477522,0.570717,0.737254,0.780276,0.841647,0.765090,1.224518,1.023593,
1.065971,0.841958,0.731790,0.624226,1.078669,0.486301,0.543096,0.571494,0.462805,0.592570,0.702030,0.746950,0.594750,1.005330,1.150428,0.821057,
0.944749,0.777027,0.694916,0.640599,0.527666,0.419989,0.460758,0.466879,0.390950,0.574756,0.752419,0.583676,0.455357,1.108296,1.181347,0.737211,
0.210289,0.362632,0.312032,0.315919,0.287590,0.287670,0.364910,0.390121,0.367460,0.256369,0.185015,0.107569,0.165203,0.107245,0.098365,0.000000,
0.078725,0.300046,0.247467,0.222894,0.179107,0.909713,0.488065,0.186942,0.182967,0.000000,0.000000,0.000000,0.000000,0.000000,0.000000,0.046131,
0.000000,0.124466,0.200664,0.245187,0.197826,0.666000,0.310858,0.000000,0.000000,0.000000,0.000000,0.000000,0.000000,0.000000,0.000000,0.124083,
0.000000,0.000000,0.147666,0.237290,0.258106,0.057484,0.146239,0.000000,0.000000,0.000000,0.138031,0.000000,0.000000,0.000000,0.000000,0.133218,
0.327718,0.093181,0.177399,0.179347,1.126674,0.851537,0.453702,0.000000,0.000000,0.000000,0.135533,0.071189,0.000000,0.000000,0.000000,0.069607,
0.529515,0.183456,0.293956,0.387683,0.760122,0.766939,0.795139,0.137487,0.000000,0.000000,0.609495,0.115609,0.000000,0.000000,0.000000,0.000000,
0.654787,0.476689,0.000000,0.363268,0.203787,0.339551,0.935019,0.380917,0.000000,0.000000,0.494423,0.000000,0.000000,0.000000,0.000000,0.000000,
0.692277,0.548844,0.128952,0.259929,0.000000,0.765052,0.773761,0.000000,0.000000,0.021748,0.320147,0.000000,0.000000,0.000000,0.000000,0.124327,
0.748579,0.474436,0.496388,0.000000,0.089765,0.000000,0.000000,0.000000,0.000000,0.000000,0.000000,0.000000,0.000000,0.000000,0.000000,0.256423,
0.589690,0.286295,0.413700,0.000000,0.000000,0.000000,0.000000,0.609142,0.045810,0.000000,0.000000,0.000000,0.000000,0.000000,0.143084,0.288229,
0.514418,0.333334,0.407579,0.219159,1.141575,0.380149,0.000164,0.619073,0.329766,0.000000,0.000000,0.000000,0.000000,0.000000,0.000000,0.000000,
0.000000,0.192773,0.424138,0.992231,1.061587,0.077089,0.000000,0.000000,0.000000,0.000000,0.000000,0.000000,0.000000,0.000000,0.000000,0.000000,
0.000000,0.000000,0.000000,1.006676,0.665045,0.000000,0.000000,0.000000,0.000000,0.000000,0.000000,0.000000,0.000000,0.000000,0.000000,0.000000,
0.000000,0.000000,0.000000,0.899792,0.000000,0.000000,0.000000,0.000000,0.000000,0.000000,0.000000,0.000000,0.000000,0.000000,0.000000,0.000000,
0.000000,0.000000,0.000000,0.000000,0.000000,0.000000,0.000000,0.000000,0.000000,0.000000,0.000000,0.000000,0.000000,0.000000,0.000000,0.000000,
0.000000,0.000000,0.000000,0.000000,0.000000,0.000000,0.000000,0.000000,0.000000,0.000000,0.000000,0.000000,0.000000,0.000000,0.000000,0.000000,
0.086076,0.000000,0.000000,0.000000,0.000000,0.000000,0.000000,0.000000,0.000000,0.000000,0.000000,0.000000,0.000000,0.000000,0.000000,0.000000,
0.019643,0.000000,0.000000,0.000000,0.000000,0.000000,0.000000,0.000000,0.000000,0.000000,0.000000,0.000000,0.012161,0.000000,0.000000,0.000000,
0.196677,0.000000,0.000000,0.000000,0.000000,0.000000,0.252615,0.204358,0.414905,0.268002,0.000000,0.000000,0.000000,0.000000,0.000000,0.018457,
0.697383,0.000000,0.000000,0.000000,0.000000,0.000000,0.000000,0.000000,0.000000,0.000000,0.105917,0.000000,0.134534,0.000000,0.000000,0.086296,
0.673258,0.000000,0.000000,0.000000,0.000000,0.000000,0.000000,0.003364,0.086025,0.148704,0.543431,0.000000,0.000000,0.000000,0.000000,0.404912,
0.968024,0.028507,0.000000,0.000000,1.462244,0.631724,0.237447,0.000000,0.000000,0.000000,0.000000,0.000000,0.000000,0.000000,0.000000,0.358070,
0.984264,0.255321,0.000000,0.000000,0.688744,0.570735,0.028772,0.000000,0.000000,0.000000,0.000000,0.000000,0.000000,0.000000,0.000000,0.031637,
0.895692,0.000000,0.000000,0.000000,0.000000,0.000000,0.000000,0.314947,0.174861,0.166768,0.087994,0.102821,0.000000,0.000000,0.000000,0.086362,
0.945223,0.000000,0.000000,0.000000,0.000000,0.406275,1.026862,0.360301,0.000000,0.000000,0.506404,0.286837,0.327315,0.197308,0.000000,0.091883,
0.797589,0.000000,0.000000,0.195639,0.382335,0.000000,0.354730,0.000000,0.000000,0.000000,0.000000,0.507435,0.055216,0.000000,0.000000,0.000000,
0.491372,0.000000,0.013966,0.072777,0.147515,0.120001,0.000000,0.000000,0.000000,0.376785,0.622076,0.306705,0.042211,0.000000,0.000000,0.000000,
0.622151,0.352078,0.000000,0.000000,0.000000,1.057789,0.999437,1.108453,1.019248,0.344807,0.000000,0.068358,0.124196,0.009762,0.055235,0.000000,
0.622366,0.546300,0.479036,0.118528,0.619265,0.815088,0.015853,0.118330,0.065584,0.059731,0.038099,0.050657,0.040456,0.000000,0.006521,0.053642,
0.495640,0.167917,0.263112,0.645665,0.362176,0.023593,0.128044,0.081440,0.063619,0.048505,0.054242,0.146029,0.153609,0.261266,0.111444,0.552148,
0.617003,0.159702,0.393047,0.952796,0.691982,0.288313,0.109977,0.000000,0.218527,0.139696,0.084547,0.080272,0.173995,0.000000,0.403170,0.314513,
0.514927,0.448584,0.468080,0.298561,0.290847,0.252347,0.384426,0.629991,0.631338,0.370233,0.339707,0.268092,0.299503,0.584731,0.607918,0.370392,
1.083121,1.123278,1.100488,1.028904,1.019979,1.099698,1.106064,0.973227,0.919167,1.079546,1.164562,1.157086,1.069774,0.997602,0.907559,0.828458,
0.142045,0.000000,0.000000,0.000000,0.000000,0.379511,0.539056,0.312499,0.295405,0.191897,0.583273,0.507498,0.156457,0.048964,0.073550,0.000000,
0.344072,0.265760,0.000000,0.000000,0.000000,0.073432,0.242029,0.174258,0.167115,0.328078,0.477984,0.598784,0.567526,0.334344,0.048967,0.068108,
0.514001,0.558521,0.393528,0.000000,0.272932,0.153667,0.397408,0.484410,0.490224,0.087227,0.000000,0.000000,0.054020,0.234226,0.179769,0.000000,
0.553228,0.931773,0.769357,0.195821,1.372883,1.283934,0.484324,0.062968,0.018951,0.000000,0.077678,0.282124,0.138387,0.373052,0.365105,0.000728,
0.000974,0.399991,0.204396,0.000000,0.000000,0.000000,0.000000,0.065054,0.283122,0.280868,0.424034,0.113749,0.064455,0.208410,0.496275,0.349586,
0.000000,0.000000,0.081082,0.000000,0.000000,0.000000,0.133741,0.185741,0.349364,0.331478,0.000000,0.000000,0.000000,0.034928,0.303615,0.321825,
0.111352,0.000000,0.616582,0.545030,0.141252,0.130218,0.000000,0.000000,0.000000,0.000000,0.000000,0.110406,0.184178,0.200254,0.000000,0.000000,
0.067538,0.019673,0.454862,0.422246,0.500658,0.000000,0.000000,0.000000,0.267092,0.108343,0.000000,0.104082,0.000000,0.000000,0.000000,0.103833,
0.000000,0.000000,0.050312,0.101122,0.285156,0.245085,0.198593,0.394209,0.272195,0.413228,0.381728,0.124078,0.614909,0.533557,0.195076,0.115026,
0.000000,0.000000,0.000000,0.138115,1.069117,1.437175,1.076363,0.541675,0.563027,0.532402,0.599724,0.948151,0.899565,0.770553,0.706949,0.757890,
0.021816,0.000000,0.067119,0.225504,0.087105,0.186730,0.000000,0.000000,0.000000,0.490897,0.799820,0.583200,0.338563,0.212241,0.189372,0.535365,
0.210332,0.000000,0.000000,0.000000,0.000000,0.061112,0.270328,0.282426,0.042829,0.099749,0.148026,0.231585,0.183002,0.146074,0.198287,0.742774,
0.139353,0.232482,0.044815,0.000000,0.000000,0.013498,0.074781,0.092551,0.159890,0.197191,0.176822,0.163317,0.000000,0.162841,0.206234,0.247506,
0.022298,0.185983,0.135839,0.000000,0.000000,0.000000,0.119732,0.172150,0.144152,0.106839,0.022169,0.000000,0.138282,0.190037,0.120753,0.419929,
0.000000,0.000000,0.100942,0.000000,0.023162,0.000000,0.000000,0.000000,0.000000,0.088477,0.077221,0.012553,0.057567,0.000000,0.000000,0.463766,
0.198796,0.023938,0.222791,0.080552,0.107909,0.164767,0.000000,0.000000,0.202841,0.198226,0.119895,0.117962,0.134045,0.001231,0.059552,0.105564,
0.000000,0.000000,0.000000,0.000000,0.048556,1.376198,0.547430,0.000000,0.226688,0.901813,0.000000,0.000000,0.000000,0.000000,0.000000,0.000000,
0.000000,0.845616,0.000000,0.000000,0.000000,1.700367,0.838153,0.397018,1.069110,0.906763,0.000000,0.103959,0.000000,0.226989,0.000000,0.000000,
0.000000,3.304625,0.000000,0.000000,0.000000,0.855258,0.233789,1.271658,0.381336,1.022697,0.000000,0.645773,0.000000,0.381161,0.740805,0.000000,
1.392844,3.408574,0.611136,2.861358,0.000000,2.244396,0.000000,1.011881,0.285946,1.706675,0.000000,0.595361,0.719460,0.000000,0.934735,0.000000,
4.541911,0.718623,0.995894,3.397554,1.932095,2.555765,0.000000,0.927642,0.423769,4.619047,0.617842,1.126568,0.931356,0.069259,1.105734,0.000000,
5.629097,0.000000,0.624898,0.002692,4.594922,1.575857,0.000000,0.720053,0.000000,5.432418,0.346035,0.977205,0.211159,0.000000,0.268079,0.000000,
5.233499,0.000000,2.863013,0.000000,3.563140,1.835185,0.964901,0.300490,0.000000,3.733673,0.000000,0.227997,0.975309,0.021725,0.179748,0.000000,
2.826566,0.021626,3.612639,0.933453,2.365418,0.356805,0.558612,0.944678,0.949655,0.438041,1.378330,0.478130,0.952396,0.000000,0.000000,0.000000,
0.749487,0.329004,0.693495,3.351518,0.495497,3.212563,1.290207,0.838655,1.465348,0.088075,0.821186,0.681208,1.170791,0.071660,0.007692,0.000000,
0.000000,0.234215,0.000000,4.352543,0.000000,2.049894,0.769492,0.000000,1.304539,0.487734,0.395357,0.413159,0.284253,0.000000,0.425271,0.000000,
0.000000,0.029741,1.024580,4.336003,0.000000,1.723710,0.345986,0.000000,0.271033,0.704351,0.370551,0.062320,0.147189,0.000000,0.210779,0.000000,
0.161191,0.494440,2.571926,0.424509,2.536573,1.517525,0.000000,0.018726,0.000000,0.085660,0.030368,0.036079,0.000000,0.335279,0.189318,0.000000,
0.059854,0.283872,2.243925,0.000000,3.060746,0.149973,0.012417,0.014058,0.073796,0.017696,0.061315,0.000000,0.077724,0.493413,0.000000,0.560594,
0.152984,0.429526,1.150689,0.076991,2.589557,0.237240,0.000000,0.180638,0.000000,0.000000,0.000000,0.247040,0.233488,0.250159,0.000000,1.503213,
0.000000,0.577513,0.000000,0.082402,0.234444,0.367525,0.064722,0.162095,0.000000,0.000000,0.278230,0.654505,0.200582,0.000000,0.737140,0.000000,
0.466027,0.229207,0.131403,0.072549,0.268587,0.268078,0.258028,0.107089,0.084203,0.380272,0.382413,0.276872,0.000000,0.280717,0.000000,0.000000,
0.296912,0.473944,0.231901,0.102802,0.120839,0.002164,1.381455,0.481784,0.923583,0.444075,0.725562,1.474268,1.472655,0.770538,0.031927,0.000000,
0.967384,1.521131,0.409737,0.191527,0.356763,2.383508,0.774152,1.028835,0.563141,0.868739,0.380779,0.035871,0.879624,2.031742,0.535170,0.219383,
0.239385,2.789714,1.576566,0.250868,0.387266,0.648987,0.000000,0.568884,1.028415,2.335379,0.637415,0.963598,0.000000,1.622617,2.362227,0.000000,
0.000000,1.253241,1.853817,0.920638,0.000000,2.489597,0.407142,0.616664,0.605838,2.424505,0.191537,1.078640,0.492747,0.114979,3.143772,1.254368,
2.074320,0.716009,0.875321,3.920569,4.634075,0.789459,0.000000,0.900465,0.608535,2.376813,1.227055,0.240699,0.585121,0.000000,1.463938,2.561241,
1.742674,1.020143,1.887432,0.000000,3.569770,0.808761,2.693378,0.764068,0.675353,2.980963,0.022978,0.175752,0.915884,0.607255,0.425781,0.043676,
1.827351,1.339519,3.010755,0.528642,1.411047,1.738499,2.040480,0.223563,0.000000,2.376169,0.000000,0.139168,0.799550,0.696589,0.150202,0.020195,
1.121593,1.497126,2.785575,2.591734,3.322756,2.483704,0.000000,0.306263,1.378859,1.742490,2.452963,0.000000,0.961865,0.656262,0.508432,0.307563,
0.000000,0.933555,0.000000,3.158380,0.628462,2.486364,0.208528,0.323068,3.512690,1.100404,2.258132,0.304617,0.490823,1.384555,0.512662,0.062628,
2.366932,0.761713,0.000000,1.301050,2.393193,1.622951,1.486661,1.489668,1.055104,2.657117,0.435493,0.857619,1.983084,1.684643,0.914806,1.018111,
3.214191,0.429455,0.000000,1.777439,1.646690,1.779352,1.727382,1.234961,0.000000,0.338970,0.616713,0.966133,0.551981,0.940935,0.283349,0.265448,
3.289942,3.018931,1.194819,1.371657,0.413157,0.068697,0.418034,0.386266,0.322582,0.340956,0.424099,0.653125,0.673733,0.396020,0.264843,0.371109,
0.121713,2.324374,5.002164,0.655229,0.000000,0.593210,0.536047,0.659154,0.322040,0.423269,0.679360,0.877718,0.739027,0.706094,1.142745,1.016343,
0.504838,0.582680,4.276510,4.230265,0.601241,0.685158,0.529424,0.542748,0.490211,0.423908,0.530366,0.580711,0.123896,0.713469,1.177577,1.263187,
0.833976,0.667216,0.278600,0.920173,0.174937,0.569986,0.869466,0.639922,0.528363,0.272540,0.339092,0.523910,0.794546,0.000000,0.000000,0.000000,
0.247744,0.000000,0.000000,0.000000,0.000000,0.000000,0.000000,0.000000,0.000000,0.000000,0.000000,0.000000,0.000000,0.000000,0.000000,0.000000,
0.145838,0.000000,0.000000,0.000000,0.000000,0.720311,0.000000,0.000000,0.000000,0.000000,0.000000,0.000000,0.000000,0.000000,0.000000,0.000000,
0.156680,0.098401,0.000000,0.000000,0.000000,0.713373,0.000000,0.000000,0.000000,0.233595,0.000000,0.000000,0.000000,0.000000,0.000000,0.000000,
0.102480,0.008072,0.014891,0.000000,0.000000,0.035922,0.176648,0.000000,0.000000,0.503102,0.273860,0.000000,0.000000,0.000000,0.000000,0.000000,
0.569665,0.473404,0.000000,0.900478,1.509958,0.155882,0.137479,0.000000,0.000000,0.518127,0.314155,0.000000,0.000000,0.000000,0.000000,0.000000,
0.353930,0.832479,0.000000,0.281300,1.418448,0.468611,0.862879,0.000000,0.000000,1.255331,0.367580,0.000000,0.000000,0.000000,0.000000,0.000000,
0.222249,0.938100,0.000000,0.000000,0.367436,0.699586,1.054168,0.003481,0.000000,1.058275,0.188051,0.000000,0.000000,0.000000,0.000000,0.000000,
0.749147,0.799544,0.000000,0.098439,0.247851,1.129332,0.105870,0.000000,0.000000,0.760957,0.192554,0.000000,0.000000,0.000000,0.000000,0.000000,
1.278058,0.671363,0.000000,0.363304,0.000000,0.330481,0.000000,0.000000,0.200852,0.000000,0.279293,0.000000,0.000000,0.000000,0.000000,0.000000,
1.446965,0.601277,0.183271,0.393539,0.087377,0.000000,0.452218,0.737644,0.062323,0.108465,0.000000,0.000000,0.000000,0.063464,0.000000,0.000000,
1.508547,0.542801,0.160028,1.741913,1.315783,0.000000,0.671196,0.679579,0.000000,0.000000,0.000000,0.000000,0.000000,0.000000,0.000000,0.000000,
1.122023,0.891719,0.534536,1.634322,1.196357,0.000000,0.000000,0.000000,0.000000,0.000000,0.000000,0.000000,0.000000,0.000000,0.000000,0.000000,
0.137697,0.754237,1.390265,1.692414,0.000000,0.000000,0.000000,0.000000,0.000000,0.000000,0.000000,0.000000,0.000000,0.000000,0.121103,0.098455,
0.171012,0.000000,1.573003,1.643442,0.000000,0.000000,0.000000,0.000000,0.000000,0.000000,0.000000,0.000000,0.000000,0.043612,0.132400,0.000000,
0.236347,0.000000,0.000000,0.517572,0.000000,0.000000,0.000000,0.000000,0.000000,0.000000,0.000000,0.000000,0.341681,0.175142,0.000000,0.000000,
0.254150,0.000000,0.000000,0.000000,0.000000,0.000000,0.000000,0.000000,0.000000,0.072308,0.000000,0.000000,0.453020,0.235094,0.000000,0.000000,
0.069066,0.067602,0.002255,0.001621,0.041833,0.024757,0.061281,0.090363,0.040278,0.170735,0.113690,0.017626,0.000000,0.154620,0.174219,1.091817,
0.132713,0.086320,0.099736,0.061068,0.000000,0.023570,0.422470,0.304115,0.385803,0.033235,0.343072,0.419457,0.391770,0.105627,0.091769,0.864551,
0.863298,0.000000,0.100675,0.076159,0.131177,0.750985,0.352029,0.690699,0.448082,0.000000,0.000000,0.000000,0.687006,0.636355,0.096725,0.865518,
1.073351,0.424193,0.176988,0.000000,0.407645,0.424583,0.000000,0.000000,0.202886,0.216469,0.044765,0.146094,0.049551,0.754339,0.393085,0.876883,
0.000000,0.000000,0.165290,0.231238,0.000000,0.005730,0.000000,0.219517,0.523584,0.401563,0.000000,0.164827,0.000000,0.524674,0.967843,0.764652,
0.000000,0.000000,0.000000,1.424939,0.000000,0.000000,0.000000,0.011002,0.676848,0.000000,0.000000,0.000000,0.020183,0.000000,0.690667,0.822795,
0.000000,0.083155,0.031307,0.659617,0.176214,0.000000,0.000000,0.000000,0.007804,0.000000,0.000000,0.098212,0.103282,0.000000,0.024309,1.005527,
0.000000,0.000000,0.438360,0.067600,0.400268,0.000000,0.328291,0.000000,0.000000,0.000000,0.000000,0.194464,0.037635,0.000000,0.000000,1.028280,
0.000000,0.000000,0.413797,0.000000,0.661625,0.503207,0.037765,0.195525,0.000000,0.539216,0.256668,0.213122,0.292709,0.021232,0.131960,0.889947,
0.000000,0.000000,0.169121,0.000000,0.000000,0.719802,0.000000,0.000000,0.417720,0.000000,0.652233,0.354564,0.170794,0.000000,0.073413,0.831416,
0.000000,0.000000,0.000000,0.000000,0.334379,0.000000,0.000000,0.000000,0.361015,0.709302,0.037252,0.040546,0.242065,0.000000,0.000000,0.808744,
0.172930,0.000000,0.000000,0.000000,0.000000,0.000000,0.023845,0.070385,0.000000,0.000000,0.000000,0.000000,0.000000,0.000000,0.000000,0.768633,
0.005945,0.000000,0.000000,0.000000,0.184390,0.000000,0.000000,0.000000,0.000000,0.000000,0.000000,0.000000,0.000000,0.000000,0.000000,1.096879,
0.000000,0.000000,0.000000,0.000000,0.000000,0.000000,0.000000,0.000000,0.000000,0.000000,0.000000,0.000000,0.000000,0.000000,0.000000,0.504799,
0.000000,0.000000,0.512338,0.285653,0.000000,0.000000,0.000000,0.000000,0.000000,0.000000,0.000000,0.000000,0.000000,0.000000,0.000000,0.668859,
0.000000,0.022657,0.000000,0.098075,0.104736,0.158640,0.252204,0.364564,0.263392,0.000000,0.000000,0.000000,0.000000,0.000000,0.000000,0.580219
