1,64,1,1
0.000000,
0.922505,
0.000000,
2.459604,
1.023481,
0.539605,
0.000000,
0.050689,
0.000000,
0.000000,
0.000000,
0.000000,
1.365323,
0.217858,
0.000000,
1.368988,
0.000000,
1.964549,
0.000000,
1.915428,
0.855883,
2.089116,
0.503567,
0.000000,
0.000000,
1.977755,
0.000000,
0.168124,
0.304797,
1.577455,
0.000000,
0.327473,
0.000000,
1.612997,
1.144189,
0.946335,
0.000000,
0.560610,
1.041716,
1.306188,
0.000000,
0.387481,
0.000000,
0.000000,
0.000000,
0.400750,
0.000000,
1.526025,
0.000000,
0.040859,
0.000000,
0.634515,
0.000000,
0.000000,
0.000000,
0.000000,
0.000000,
1.730864,
0.000000,
0.886133,
1.588561,
0.918025,
0.000000,
0.102544
