1,128,1,1
0.000000,
0.000000,
0.000000,
0.000000,
0.000000,
0.219035,
0.000000,
0.476922,
0.000000,
0.000000,
0.000000,
0.000000,
0.000000,
2.023011,
0.161960,
0.000000,
0.000000,
0.083918,
0.000000,
0.466997,
0.000000,
0.055927,
0.000000,
0.000000,
0.000000,
0.000000,
0.250784,
0.000000,
0.000000,
0.000000,
0.000000,
0.000000,
0.979928,
0.415033,
0.000000,
0.000000,
0.000000,
0.000000,
0.000000,
0.000000,
0.000000,
0.764346,
0.000000,
0.000000,
0.000000,
0.000000,
0.000000,
0.772629,
0.591642,
0.640037,
0.245437,
0.000000,
0.000000,
0.054857,
0.000000,
0.000000,
0.000000,
0.000000,
0.000000,
0.000000,
0.537716,
0.000000,
0.000000,
0.000000,
0.000000,
0.248639,
0.000000,
0.000000,
0.582169,
0.000000,
0.000000,
0.000000,
0.000000,
0.000000,
2.058414,
0.000000,
0.000000,
0.649887,
0.000000,
0.000000,
0.000000,
0.000000,
0.000000,
0.373372,
0.761798,
0.000000,
0.000000,
0.000000,
0.000000,
0.000000,
0.065033,
0.000000,
0.000000,
0.000000,
0.000000,
0.000000,
0.030712,
0.000000,
0.000000,
0.000000,
0.229412,
0.000000,
0.086972,
0.000000,
0.000000,
0.000000,
0.466308,
0.000000,
0.000000,
0.000000,
0.658305,
0.206835,
0.744222,
1.487759,
0.000000,
0.000000,
0.000000,
0.000000,
0.000000,
0.000000,
0.000000,
0.000000,
0.000000,
0.000000,
0.169153,
1.147271,
0.070338,
1.098842
